6.69791 0.40000 12.00000 174.98281 -144.21000 -1.00000
4.83048 0.40000 12.00000 165.72000 -136.07000 -3.40967
7.34981 0.40000 12.00000 155.32000 -144.21000 0.30242
4.85607 0.40000 12.00000 181.31000 -171.56731 -6.00000
5.43601 0.40000 12.00000 184.89000 -182.27594 -6.00000
4.83021 0.40000 12.00000 145.16769 -124.02000 -10.00000
5.67702 0.40000 12.00000 150.53321 -134.11000 -10.00000
5.34524 0.40000 12.00000 138.10000 -116.54000 -8.43457
5.07638 0.40000 12.00000 130.62000 -129.03063 -11.00000
5.28827 0.40000 12.00000 195.29000 -196.19720 -10.00000
5.01052 0.40000 12.00000 205.36000 -193.03000 -14.71372
4.51206 0.40000 12.00000 217.38000 -143.55000 -8.10337
5.16778 0.40000 12.00000 184.24000 -139.06634 -10.00000
4.52377 0.40000 12.00000 173.70057 -137.04000 -10.00000
5.90341 0.40000 12.00000 176.76000 -121.27415 -10.00000
4.52066 0.40000 12.00000 135.82000 -149.49865 -15.00000
7.11409 0.40000 12.00000 145.90000 -156.14306 -15.00000
4.62387 0.40000 12.00000 141.02000 -142.90000 -18.76127
4.66220 0.40000 12.00000 131.80284 -138.02000 -16.00000
4.66309 0.40000 12.00000 114.69025 -135.74000 -16.00000
5.22073 0.40000 12.00000 162.14000 -179.78148 -15.00000
4.60912 0.40000 12.00000 166.38456 -166.67000 -15.00000
4.82614 0.40000 12.00000 157.59000 -117.40935 -15.00000
4.87988 0.40000 12.00000 204.38000 -183.27998 -18.00000
5.91588 0.40000 12.00000 254.64831 -167.97000 -22.00000
4.88090 0.40000 12.00000 246.30000 -158.20000 -18.25095
4.60292 0.40000 12.00000 235.45447 -143.88000 -25.00000
6.16224 0.40000 12.00000 247.60000 -135.09000 -19.23295
4.97093 0.40000 12.00000 242.73000 -122.74571 -25.00000
5.82183 0.40000 12.00000 264.82000 -177.08000 -24.76637
4.63913 0.40000 12.00000 264.82000 -166.67000 -29.25862
6.07176 0.40000 12.00000 257.67000 -155.60000 -27.52531
5.73372 0.40000 12.00000 263.20000 -188.80000 -25.19391
5.66883 0.40000 12.00000 243.70000 -222.31287 -31.00000
5.70722 0.40000 12.00000 231.63035 -224.28000 -31.00000
4.91118 0.40000 12.00000 210.88000 -229.49000 -27.17239
4.91506 0.40000 12.00000 217.38967 -213.54000 -31.00000
4.93885 0.40000 12.00000 220.31000 -203.89470 -31.00000
5.10532 0.40000 12.00000 209.16892 -133.46000 -6.00000
5.23857 0.40000 12.00000 218.37538 -210.61000 -18.00000
4.65785 0.40000 12.00000 218.03000 -198.57000 -19.59298
5.00449 0.40000 12.00000 195.28055 -202.80000 -18.00000
4.71825 0.40000 12.00000 178.55559 -197.92000 -18.00000
5.21476 0.40000 12.00000 174.55368 -135.42000 -24.00000
5.34000 0.40000 12.00000 184.56000 -141.60000 -20.61206
5.28836 0.40000 12.00000 131.92000 -106.68861 -28.00000
5.84775 0.40000 12.00000 196.91000 -208.66000 -27.97090
4.65116 0.40000 12.00000 197.56000 -195.24133 -28.00000
4.58944 0.40000 12.00000 236.88000 -169.49236 -28.00000
4.87862 0.40000 12.00000 225.18000 -159.99544 -28.00000
4.72981 0.40000 12.00000 123.34490 -111.33000 -40.00000
4.76774 0.40000 12.00000 173.19000 -101.89000 -44.58633
5.94569 0.40000 12.00000 193.34000 -81.93615 -40.00000
5.37732 0.40000 12.00000 192.45571 -94.73000 -40.00000
6.22966 0.40000 12.00000 212.18000 -98.31000 -39.60245
5.30025 0.40000 12.00000 225.12472 -166.02000 -39.00000
5.09303 0.40000 12.00000 236.55000 -165.12970 -39.00000
6.11719 0.40000 12.00000 241.75000 -184.22231 -39.00000
4.62291 0.40000 12.00000 244.68000 -173.65475 -39.00000
4.66711 0.40000 12.00000 254.10000 -174.48000 -41.02730
5.43698 0.40000 12.00000 150.12000 -105.72723 -41.00000
4.60466 0.40000 12.00000 200.87122 -223.31000 -31.00000
5.17067 0.40000 12.00000 125.42000 -154.95858 -32.00000
5.55398 0.40000 12.00000 109.04675 -145.83000 -32.00000
4.74968 0.40000 12.00000 122.27299 -144.53000 -32.00000
5.40484 0.40000 12.00000 120.22896 -130.86000 -32.00000
4.59331 0.40000 12.00000 133.25072 -145.18000 -31.00000
4.49111 0.40000 12.00000 141.35000 -111.00000 -29.76633
4.69646 0.40000 12.00000 156.94000 -131.84000 -26.91549
5.44659 0.40000 12.00000 166.67197 -128.58000 -31.00000
5.98686 0.40000 12.00000 203.73000 -105.47000 -33.95532
4.59096 0.40000 12.00000 211.53000 -112.96000 -34.97711
4.77872 0.40000 12.00000 201.46000 -92.05070 -36.00000
5.47793 0.40000 12.00000 224.86000 -125.86622 -38.00000
4.85167 0.40000 12.00000 233.30000 -131.18000 -40.95705
4.52318 0.40000 12.00000 242.73000 -119.15917 -38.00000
5.44243 0.40000 12.00000 231.26534 -107.42000 -38.00000
5.03711 0.40000 12.00000 270.45894 -168.29000 -51.00000
4.97981 0.40000 12.00000 277.43674 -160.16000 -52.00000
6.73836 0.40000 12.00000 281.20754 -194.01000 -52.00000
5.05688 0.40000 12.00000 259.58086 -207.36000 -52.00000
4.56564 0.40000 12.00000 153.37000 -178.06000 -71.23670
4.54160 0.40000 12.00000 157.27000 -185.87000 -73.86546
6.18633 0.40000 12.00000 145.52436 -204.10000 -81.00000
5.05323 0.40000 12.00000 153.55122 -212.89000 -81.00000
6.49193 0.40000 12.00000 157.59000 -200.52000 -76.76492
6.28350 0.40000 12.00000 177.09000 -219.73000 -84.85805
6.77016 0.40000 12.00000 253.45000 -212.61338 -80.00000
5.76880 0.40000 12.00000 196.26000 -229.82000 -74.50678
4.52793 0.40000 12.00000 197.89000 -214.79750 -74.00000
5.34513 0.40000 12.00000 165.07000 -217.45000 -79.21765
4.75843 0.40000 12.00000 187.81860 -118.16000 -73.00000
4.87993 0.40000 12.00000 182.61000 -108.70253 -73.00000
6.41475 0.40000 12.00000 201.78000 -113.28000 -69.13943
5.58006 0.40000 12.00000 171.89000 -187.83000 -21.80876
4.58652 0.40000 12.00000 188.08677 -181.97000 -27.00000
5.25418 0.40000 12.00000 190.09000 -154.30000 -34.78881
5.52684 0.40000 12.00000 199.51000 -150.51813 -31.00000
5.17208 0.40000 12.00000 252.47000 -174.59736 -31.00000
5.29646 0.40000 12.00000 248.53499 -163.74000 -31.00000
4.94958 0.40000 12.00000 248.17121 -149.74000 -31.00000
5.40203 0.40000 12.00000 143.03173 -130.53000 -18.00000
5.28432 0.40000 12.00000 127.37000 -117.89148 -18.00000
5.88678 0.40000 12.00000 123.15000 -146.16000 -18.09060
5.66553 0.40000 12.00000 129.32000 -165.37908 -24.00000
5.10453 0.40000 12.00000 142.97000 -133.46000 -34.30100
5.22504 0.40000 12.00000 191.39000 -133.57118 -38.00000
4.79940 0.40000 12.00000 207.31000 -229.31057 -72.00000
4.74905 0.40000 12.00000 223.01576 -219.08000 -72.00000
6.53427 0.40000 12.00000 236.39990 -217.45000 -72.00000
5.43840 0.40000 12.00000 227.45000 -228.84000 -68.36884
5.28383 0.40000 12.00000 209.08557 -214.84000 -72.00000
6.65495 0.40000 12.00000 182.94000 -214.64509 -72.00000
5.50182 0.40000 12.00000 250.52000 -151.11922 -87.00000
5.16339 0.40000 12.00000 266.45000 -150.72000 -83.74034
5.60759 0.40000 12.00000 267.75000 -163.41000 -89.43616
5.86552 0.40000 12.00000 253.54947 -168.62000 -87.00000
5.54042 0.40000 12.00000 202.76000 -202.15000 -83.20719
7.43984 0.40000 12.00000 183.59000 -201.82000 -86.73486
5.31531 0.40000 12.00000 196.81081 -220.38000 -84.00000
7.32805 0.40000 12.00000 217.36478 -217.12000 -84.00000
6.07421 0.40000 12.00000 231.68000 -121.42000 -69.90327
5.87238 0.40000 12.00000 240.13000 -147.19768 -70.00000
5.80694 0.40000 12.00000 164.09000 -127.28000 -69.51982
6.93009 0.40000 12.00000 152.56067 -132.16000 -67.00000
7.10421 0.40000 12.00000 170.00304 -106.12000 -67.00000
6.77531 0.40000 12.00000 129.99523 -114.58000 -67.00000
7.79590 0.40000 12.00000 177.20286 -171.88000 -48.00000
6.20249 0.40000 12.00000 173.84000 -158.20000 -46.93921
5.50810 0.40000 12.00000 189.44000 -141.08640 -50.00000
5.12988 0.40000 12.00000 245.65000 -151.37000 -44.07753
4.62460 0.40000 12.00000 254.10000 -154.95000 -39.17975
4.52446 0.40000 12.00000 270.35000 -171.71186 -42.00000
6.93803 0.40000 12.00000 270.35000 -186.85796 -42.00000
6.48258 0.40000 12.00000 210.88000 -206.30962 -44.00000
5.51216 0.40000 12.00000 197.89000 -220.70000 -41.70617
6.78006 0.40000 12.00000 221.69938 -235.35000 -37.00000
5.07213 0.40000 12.00000 117.30000 -139.00000 -25.46218
5.64294 0.40000 12.00000 128.02000 -137.32597 -27.00000
5.44300 0.40000 12.00000 134.85000 -128.21960 -27.00000
5.73194 0.40000 12.00000 128.67000 -118.82000 -31.18776
4.71440 0.40000 12.00000 153.37000 -114.91000 -24.51181
4.52992 0.40000 12.00000 239.15000 -174.72337 -17.00000
4.88936 0.40000 12.00000 157.92000 -135.38931 -52.00000
5.11642 0.40000 12.00000 169.61283 -139.00000 -52.00000
5.19571 0.40000 12.00000 144.92000 -140.95000 -55.69781
4.81339 0.40000 12.00000 142.96391 -131.51000 -52.00000
4.72508 0.40000 12.00000 130.01867 -132.16000 -52.00000
7.55661 0.40000 12.00000 133.81339 -100.91000 -52.00000
5.90670 0.40000 12.00000 166.26550 -92.45000 -52.00000
5.66004 0.40000 12.00000 258.68529 -192.71000 -49.00000
5.11843 0.40000 12.00000 177.58749 -153.97000 -64.00000
5.07708 0.40000 12.00000 168.97000 -173.21686 -64.00000
5.77887 0.40000 12.00000 179.36000 -178.93075 -64.00000
5.53982 0.40000 12.00000 191.72819 -174.48000 -64.00000
5.50728 0.40000 12.00000 196.59000 -155.95242 -64.00000
5.15515 0.40000 12.00000 187.16000 -147.18993 -64.00000
4.58020 0.40000 12.00000 214.78000 -140.63000 -63.62916
6.29936 0.40000 12.00000 193.66000 -125.36661 -64.00000
4.89398 0.40000 12.00000 214.13000 -116.21000 -61.06521
4.97921 0.40000 12.00000 188.71210 -113.93000 -64.00000
5.52131 0.40000 12.00000 130.62000 -151.04000 -69.67142
5.09936 0.40000 12.00000 249.02291 -152.02000 -64.00000
4.92917 0.40000 12.00000 254.10000 -160.93891 -64.00000
4.75600 0.40000 12.00000 255.26460 -172.85000 -64.00000
6.26644 0.40000 12.00000 256.70000 -144.86000 -58.60334
4.90238 0.40000 12.00000 249.23000 -129.56000 -68.01876
5.55562 0.40000 12.00000 248.90000 -119.79000 -61.12593
5.20382 0.40000 12.00000 206.01000 -91.33245 -64.00000
4.89142 0.40000 12.00000 197.56000 -95.70000 -68.68244
5.11738 0.40000 12.00000 240.13000 -226.56000 -63.83683
5.28406 0.40000 12.00000 153.93051 -170.25000 -15.00000
4.75782 0.40000 12.00000 220.24611 -224.61000 -26.00000
4.77501 0.40000 12.00000 143.30000 -113.93000 -17.57743
6.68951 0.40000 12.00000 115.16989 -159.83000 -36.00000
5.20960 0.40000 12.00000 148.27018 -124.02000 -38.00000
4.80357 0.40000 12.00000 155.32000 -115.23000 -35.29882
4.84950 0.40000 12.00000 168.49529 -117.84000 -38.00000
5.21474 0.40000 12.00000 174.49000 -130.21000 -38.48267
4.89866 0.40000 12.00000 179.79808 -176.11000 -35.00000
4.52999 0.40000 12.00000 167.99000 -170.57000 -38.15860
5.29965 0.40000 12.00000 166.04000 -161.45602 -35.00000
5.49067 0.40000 12.00000 176.19142 -154.30000 -35.00000
4.73612 0.40000 12.00000 185.21000 -142.90000 -31.24451
4.77582 0.40000 12.00000 181.10860 -121.09000 -35.00000
6.16432 0.40000 12.00000 241.63440 -141.28000 -35.00000
5.09854 0.40000 12.00000 232.42952 -149.74000 -35.00000
5.24467 0.40000 12.00000 256.05000 -168.89932 -74.00000
5.67123 0.40000 12.00000 269.05000 -165.36000 -68.87739
5.19919 0.40000 12.00000 273.27000 -159.18000 -77.59097
5.99281 0.40000 12.00000 250.30700 -190.10000 -74.00000
4.80697 0.40000 12.00000 265.15000 -196.51508 -74.00000
7.41715 0.40000 12.00000 210.23000 -137.04000 -78.96998
4.94541 0.40000 12.00000 209.26000 -122.07000 -71.24245
4.84947 0.40000 12.00000 218.47211 -118.82000 -74.00000
5.53185 0.40000 12.00000 228.43000 -130.21000 -77.78638
5.27940 0.40000 12.00000 147.85000 -116.30998 -74.00000
8.09435 0.40000 12.00000 222.63535 -178.71000 -104.00000
4.83451 0.40000 12.00000 174.49000 -129.67209 -91.00000
5.20374 0.40000 12.00000 170.92000 -141.93000 -88.70101
5.97684 0.40000 12.00000 197.56000 -101.69414 -84.00000
7.35100 0.40000 12.00000 205.03000 -112.63000 -88.98740
5.33105 0.40000 12.00000 151.09000 -111.65000 -86.02835
5.48596 0.40000 12.00000 143.03926 -119.14000 -84.00000
5.18918 0.40000 12.00000 188.46000 -191.08000 -75.03737
4.51029 0.40000 12.00000 181.31000 -174.17263 -73.00000
5.81542 0.40000 12.00000 179.69000 -162.76000 -71.54681
5.98543 0.40000 12.00000 210.56000 -169.60000 -71.98702
7.12538 0.40000 12.00000 213.16000 -187.37332 -73.00000
6.15629 0.40000 12.00000 269.55707 -215.82000 -58.00000
4.61798 0.40000 12.00000 158.39017 -101.89000 -58.00000
6.31240 0.40000 12.00000 180.58622 -93.75000 -58.00000
4.79921 0.40000 12.00000 227.13000 -201.23595 -59.00000
6.77644 0.40000 12.00000 135.82000 -111.98000 -42.83460
5.28733 0.40000 12.00000 124.51125 -122.72000 -46.00000
5.32875 0.40000 12.00000 157.27000 -126.73304 -46.00000
4.88633 0.40000 12.00000 158.64950 -116.54000 -46.00000
5.42714 0.40000 12.00000 168.97000 -111.98000 -46.56141
5.03911 0.40000 12.00000 159.72588 -104.82000 -46.00000
4.87568 0.40000 12.00000 227.78000 -146.37982 -45.00000
4.61294 0.40000 12.00000 206.01000 -133.23152 -46.00000
5.12820 0.40000 12.00000 213.16000 -122.72000 -41.82349
6.50415 0.40000 12.00000 204.39489 -112.30000 -46.00000
4.89484 0.40000 12.00000 185.54000 -126.69208 -46.00000
6.22658 0.40000 12.00000 230.38000 -101.24000 -51.60086
4.69043 0.40000 12.00000 120.88000 -137.32710 -41.00000
6.36109 0.40000 12.00000 155.40709 -208.66000 -29.00000
5.52953 0.40000 12.00000 168.61643 -203.78000 -29.00000
6.04530 0.40000 12.00000 200.48000 -226.89000 -60.54444
5.83001 0.40000 12.00000 189.00119 -225.26000 -66.00000
5.27750 0.40000 12.00000 194.31000 -205.47859 -66.00000
6.39695 0.40000 12.00000 147.20000 -103.54273 -62.00000
5.46568 0.40000 12.00000 273.45158 -155.92000 -61.00000
7.55532 0.40000 12.00000 206.98000 -189.78000 -47.56947
4.69838 0.40000 12.00000 220.96000 -200.85000 -49.03777
5.01953 0.40000 12.00000 220.31000 -190.43000 -47.51718
6.95669 0.40000 12.00000 220.96000 -213.54000 -56.13832
5.59243 0.40000 12.00000 204.97153 -217.77000 -51.00000
5.34629 0.40000 12.00000 201.13000 -235.83049 -51.00000
5.40211 0.40000 12.00000 224.11884 -225.59000 -51.00000
4.55761 0.40000 12.00000 258.65000 -177.20831 -51.00000
5.95614 0.40000 12.00000 245.65000 -161.46194 -51.00000
4.66732 0.40000 12.00000 238.83000 -153.32000 -55.28390
4.86517 0.40000 12.00000 236.88000 -182.17760 -51.00000
5.37527 0.40000 12.00000 191.06000 -173.67887 -51.00000
7.58960 0.40000 12.00000 189.44000 -156.58000 -50.96286
5.73948 0.40000 12.00000 159.54000 -181.83002 -51.00000
6.88844 0.40000 12.00000 149.44016 -191.08000 -51.00000
5.63817 0.40000 12.00000 166.28133 -165.04000 -55.00000
4.62037 0.40000 12.00000 207.96000 -134.11000 -55.60716
4.77066 0.40000 12.00000 189.76000 -118.80597 -55.00000
4.69181 0.40000 12.00000 162.56252 -123.37000 -55.00000
4.96971 0.40000 12.00000 151.09000 -119.14000 -54.67413
4.77040 0.40000 12.00000 127.37667 -117.84000 -55.00000
6.79669 0.40000 12.00000 116.53264 -113.28000 -55.00000
4.75177 0.40000 12.00000 219.86959 -178.39000 -15.00000
5.81364 0.40000 12.00000 239.34000 -133.56000 -49.68212
6.05579 0.40000 12.00000 206.52000 -157.83668 -45.00000
5.12397 0.40000 12.00000 214.00031 -161.23000 -27.00000
4.48115 0.40000 12.00000 174.55927 -183.04000 -4.00000
4.48231 0.40000 12.00000 171.10000 -171.32000 -8.35204
5.33677 0.40000 12.00000 178.58000 -155.81922 -4.00000
6.66773 0.40000 12.00000 210.10000 -186.26683 1.00000
5.24823 0.40000 12.00000 227.32000 -200.62000 -4.62575
4.50980 0.40000 12.00000 166.23000 -143.65000 -21.99617
7.55728 0.40000 12.00000 167.53000 -198.87625 -2.00000
8.00138 0.40000 12.00000 267.84624 -130.96000 -51.00000
6.14188 0.40000 12.00000 199.87106 -143.98000 -91.00000
4.96910 0.40000 12.00000 220.49000 -201.60599 -85.00000
5.53080 0.40000 12.00000 220.82000 -189.88000 -88.55514
6.77792 0.40000 12.00000 234.61349 -192.15000 -85.00000
6.52144 0.40000 12.00000 232.19000 -205.58276 -85.00000
5.37287 0.40000 12.00000 244.21000 -127.70000 -88.04972
5.06785 0.40000 12.00000 246.94555 -139.42000 -63.00000
5.04757 0.40000 12.00000 239.46615 -129.33000 -63.00000
7.08155 0.40000 12.00000 181.50000 -189.55000 -54.56314
4.91883 1.00000 11.00000 198.21000 -185.87000 -2.80928
4.47829 1.00000 11.00000 166.04000 -155.27000 -4.14105
5.10922 1.00000 11.00000 185.21000 -150.14443 -12.00000
5.55371 1.00000 11.00000 193.34000 -158.20000 -7.25965
4.77079 1.00000 11.00000 195.84316 -148.76000 -13.00000
5.60636 1.00000 11.00000 205.36000 -140.63000 -16.54890
5.04726 1.00000 11.00000 191.06000 -106.89697 -16.00000
4.77879 1.00000 11.00000 224.48147 -222.01000 -16.00000
5.71498 1.00000 11.00000 206.65384 -209.96000 -16.00000
4.88754 1.00000 11.00000 234.90496 -157.23000 -20.00000
5.04726 1.00000 11.00000 223.56000 -146.27992 -20.00000
4.53748 1.00000 11.00000 227.45000 -136.64916 -20.00000
4.58641 1.00000 11.00000 164.09000 -121.26747 -23.00000
4.97529 1.00000 11.00000 147.85000 -165.04000 -25.20022
5.09424 1.00000 11.00000 132.03458 -153.97000 -23.00000
5.65035 1.00000 11.00000 184.24000 -212.11704 -26.00000
4.79268 1.00000 11.00000 183.91000 -200.77712 -26.00000
4.38127 1.00000 11.00000 243.70000 -178.59300 -27.00000
4.75861 1.00000 11.00000 249.23000 -186.74535 -27.00000
4.38602 1.00000 11.00000 233.63000 -200.85000 -29.68554
6.62946 1.00000 11.00000 162.47000 -107.42000 -25.94393
5.05103 1.00000 11.00000 178.39000 -111.98000 -29.16623
5.09576 1.00000 11.00000 182.94000 -101.56000 -33.63552
6.23578 1.00000 11.00000 195.61000 -100.59000 -25.44250
4.47851 1.00000 11.00000 210.56000 -119.47000 -28.15213
4.55447 1.00000 11.00000 225.18000 -117.19000 -30.12818
4.85483 1.00000 11.00000 220.96000 -106.29160 -32.00000
5.68949 1.00000 11.00000 175.14000 -195.64000 -33.42205
5.48767 1.00000 11.00000 183.91000 -190.43000 -39.19672
6.36610 1.00000 11.00000 169.62000 -182.62000 -39.11723
4.77355 1.00000 11.00000 227.13060 -215.17000 -34.00000
4.45267 1.00000 11.00000 218.36000 -134.77000 -38.54990
4.44363 1.00000 11.00000 233.30000 -117.68347 -37.00000
4.73193 1.00000 11.00000 133.55000 -126.56749 -37.00000
5.57867 1.00000 11.00000 128.35000 -161.46000 -40.39262
5.15373 1.00000 11.00000 164.74000 -212.24000 -36.94158
5.09311 1.00000 11.00000 254.10000 -144.86000 -44.19133
4.58803 1.00000 11.00000 245.85710 -130.53000 -40.00000
4.95509 1.00000 11.00000 176.34622 -152.02000 -22.00000
4.44152 1.00000 11.00000 163.88755 -160.48000 -24.00000
4.40395 1.00000 11.00000 196.26000 -175.13000 -29.49286
5.50726 1.00000 11.00000 145.14465 -153.65000 -28.00000
5.85257 1.00000 11.00000 181.31000 -205.40000 -39.60890
5.24109 1.00000 11.00000 164.74000 -178.71000 3.50581
4.94438 1.00000 11.00000 219.72427 -135.42000 -28.00000
4.43731 1.00000 11.00000 252.63409 -190.43000 -39.00000
4.43763 1.00000 11.00000 192.04000 -227.95809 -54.00000
4.81279 1.00000 11.00000 188.46000 -218.42000 -52.82849
4.57868 1.00000 11.00000 180.97120 -211.91000 -54.00000
5.12996 1.00000 11.00000 161.17000 -205.73000 -66.24286
4.99073 1.00000 11.00000 151.09000 -201.73278 -66.00000
4.91293 1.00000 11.00000 137.77000 -194.99000 -69.71964
5.16650 1.00000 11.00000 160.22895 -192.71000 -66.00000
4.95139 1.00000 11.00000 135.82000 -184.71764 -66.00000
4.76012 1.00000 11.00000 131.60000 -201.61058 -66.00000
5.34844 1.00000 11.00000 138.10000 -135.09000 -84.94940
5.51556 1.00000 11.00000 150.44000 -127.28000 -81.88947
5.01635 1.00000 11.00000 226.15000 -229.82000 -79.84879
5.10356 1.00000 11.00000 159.87000 -152.34000 -29.49681
4.91176 1.00000 11.00000 154.34000 -147.46000 -22.59557
4.98054 1.00000 11.00000 177.52730 -123.70000 -25.00000
4.54037 1.00000 11.00000 188.79000 -121.85237 -26.00000
4.49373 1.00000 11.00000 185.86000 -132.56839 -26.00000
4.52396 1.00000 11.00000 183.26000 -191.08000 -25.55437
4.74934 1.00000 11.00000 149.20050 -142.90000 -35.00000
4.62807 1.00000 11.00000 180.66000 -139.63153 -40.00000
4.61954 1.00000 11.00000 125.75000 -144.86000 -47.15356
4.38730 1.00000 11.00000 147.85000 -150.07000 -49.65878
4.49125 1.00000 11.00000 134.52000 -122.73809 -50.00000
4.33163 1.00000 11.00000 176.11000 -108.07000 -53.69732
5.02326 1.00000 11.00000 187.49000 -106.12000 -54.33456
5.01964 1.00000 11.00000 198.22337 -97.33000 -50.00000
4.59649 1.00000 11.00000 216.73000 -110.13778 -50.00000
4.73346 1.00000 11.00000 225.83000 -111.98000 -45.65565
5.30192 1.00000 11.00000 220.63000 -120.55054 -50.00000
4.79999 1.00000 11.00000 178.06000 -227.02196 -71.00000
4.77121 1.00000 11.00000 172.10947 -208.01000 -71.00000
4.46397 1.00000 11.00000 162.56858 -126.63000 -86.00000
4.35146 1.00000 11.00000 171.90956 -121.74000 -86.00000
5.00259 1.00000 11.00000 213.16000 -156.77143 -99.00000
4.39459 1.00000 11.00000 210.12087 -147.79000 -99.00000
5.81922 1.00000 11.00000 218.03000 -166.34000 -97.14887
4.87123 1.00000 11.00000 167.02000 -161.03759 -96.00000
5.39227 1.00000 11.00000 163.97831 -154.30000 -79.00000
4.76796 1.00000 11.00000 171.89000 -163.22959 -79.00000
5.97761 1.00000 11.00000 118.57452 -153.65000 -61.00000
5.03845 1.00000 11.00000 126.23220 -143.23000 -61.00000
4.61241 1.00000 11.00000 135.80848 -135.74000 -61.00000
5.02774 1.00000 11.00000 137.77000 -126.30000 -60.36418
4.75018 1.00000 11.00000 159.57038 -157.55000 -61.00000
5.03317 1.00000 11.00000 248.90000 -188.72105 -17.00000
4.63750 1.00000 11.00000 248.25000 -176.15757 -17.00000
5.62593 1.00000 11.00000 233.63000 -202.63107 -49.00000
5.37673 1.00000 11.00000 245.99602 -223.31000 -49.00000
4.59922 1.00000 11.00000 240.50870 -213.87000 -49.00000
4.49322 1.00000 11.00000 182.29000 -176.77965 -19.00000
5.03658 1.00000 11.00000 225.83000 -162.43000 -15.01878
5.99578 1.00000 11.00000 144.92000 -155.60000 -40.48471
4.35914 1.00000 11.00000 143.62000 -167.33013 -36.00000
4.77664 1.00000 11.00000 136.47000 -160.81000 -32.93467
4.58548 1.00000 11.00000 176.85277 -114.58000 -81.00000
5.15783 1.00000 11.00000 182.94000 -108.07000 -85.42910
5.41481 1.00000 11.00000 165.63945 -107.75000 -81.00000
6.00674 1.00000 11.00000 223.86660 -180.99000 -58.00000
4.73342 1.00000 11.00000 209.58000 -175.75408 -58.00000
5.62010 1.00000 11.00000 221.28000 -169.59434 -58.00000
5.29331 1.00000 11.00000 163.44000 -209.64000 -56.33731
5.76294 1.00000 11.00000 231.68000 -189.45000 -6.03926
6.60033 1.00000 11.00000 126.07000 -166.02000 -56.85556
4.80184 1.00000 11.00000 255.72000 -214.84000 -59.33929
4.46833 1.00000 11.00000 155.64000 -174.15000 -57.19934
4.59329 1.00000 11.00000 170.50761 -185.22000 -65.00000
4.58893 1.00000 11.00000 151.57513 -152.02000 -65.00000
4.57679 1.00000 11.00000 263.20000 -153.65000 -63.98215
4.47896 1.00000 11.00000 229.73000 -208.66000 -68.90805
4.38604 1.00000 11.00000 241.64443 -207.03000 -71.00000
4.93772 1.00000 11.00000 267.10000 -179.99996 -58.00000
4.39609 1.00000 11.00000 264.82000 -171.55000 -61.77930
5.13497 1.00000 11.00000 209.12816 -174.80000 -12.00000
4.57645 1.00000 11.00000 176.63000 -160.58000 -26.35959
5.75983 1.00000 11.00000 207.82000 -102.64000 -75.73960
4.64987 1.00000 11.00000 213.67000 -100.03000 -67.38360
4.51809 1.00000 11.00000 213.28847 -110.77000 -70.00000
4.79301 1.00000 11.00000 227.32000 -109.48836 -68.00000
4.37593 1.00000 11.00000 189.85179 -133.23000 -91.00000
4.99571 1.00000 11.00000 198.40000 -127.82964 -91.00000
4.69095 1.00000 11.00000 237.39000 -192.43332 -50.00000
5.29141 1.00000 11.00000 246.16000 -198.36477 -50.00000
5.49711 1.00000 11.00000 170.97054 -200.94000 -58.00000
4.92466 1.00000 11.00000 135.36000 -160.58000 -62.64753
4.59138 1.00000 11.00000 129.84000 -151.70829 -58.00000
4.58547 1.00000 11.00000 194.50000 -104.80146 -62.00000
5.13227 0.60000 13.00000 206.98000 -164.39000 -10.23244
4.87386 0.60000 13.00000 216.08000 -167.26011 -7.00000
5.92978 0.60000 13.00000 229.40000 -165.69000 -4.78610
5.08881 0.60000 13.00000 241.37541 -162.76000 -10.00000
6.21753 0.60000 13.00000 196.59000 -136.38712 -9.00000
5.28857 0.60000 13.00000 157.27000 -151.60587 -10.00000
5.90653 0.60000 13.00000 195.94000 -169.92756 -6.00000
4.46594 0.60000 13.00000 182.12161 -128.91000 -16.00000
4.77264 0.60000 13.00000 199.84000 -122.72000 -15.28421
4.51905 0.60000 13.00000 213.25142 -133.46000 -16.00000
5.53010 0.60000 13.00000 181.31000 -163.67112 -15.00000
4.45070 0.60000 13.00000 201.13000 -156.58000 -16.32178
4.50109 0.60000 13.00000 193.66000 -164.79054 -16.00000
4.97554 0.60000 13.00000 189.76000 -181.93255 -16.00000
5.20193 0.60000 13.00000 197.24000 -174.65794 -16.00000
4.86861 0.60000 13.00000 210.56000 -151.69000 -18.49962
4.73356 0.60000 13.00000 233.55897 -189.13000 -19.00000
4.73230 0.60000 13.00000 240.45000 -206.26532 -23.00000
4.82712 0.60000 13.00000 194.31000 -136.19653 -24.00000
5.25794 0.60000 13.00000 203.08000 -112.30000 -20.35179
5.01986 0.60000 13.00000 262.22000 -135.12735 -25.00000
4.86056 0.60000 13.00000 232.67731 -123.37000 -25.00000
4.40475 0.60000 13.00000 210.56000 -128.43919 -25.00000
4.90303 0.60000 13.00000 186.51000 -166.99000 -32.12567
5.37387 0.60000 13.00000 233.10267 -183.59000 -28.00000
5.76417 0.60000 13.00000 209.94672 -195.64000 -28.00000
4.60289 0.60000 13.00000 219.98000 -190.47015 -28.00000
4.68777 0.60000 13.00000 203.25184 -184.90000 -28.00000
4.62129 0.60000 13.00000 219.81068 -173.18000 -28.00000
4.50026 0.60000 13.00000 247.93000 -206.05000 -29.79790
4.74915 0.60000 13.00000 270.42690 -155.60000 -28.00000
5.07060 0.60000 13.00000 269.02095 -143.88000 -28.00000
4.96404 0.60000 13.00000 254.10000 -141.93000 -28.03511
4.98765 0.60000 13.00000 190.74000 -109.38000 -32.43596
5.94622 0.60000 13.00000 174.17000 -100.91000 -26.80369
4.45711 0.60000 13.00000 229.08000 -131.79863 -29.00000
4.60368 0.60000 13.00000 227.21497 -142.25000 -29.00000
5.44631 0.60000 13.00000 215.43000 -149.62032 -29.00000
4.61922 0.60000 13.00000 254.84887 -126.95000 -32.00000
4.59087 0.60000 13.00000 203.73000 -140.95000 -33.88408
4.50563 0.60000 13.00000 248.53730 -208.98000 -43.00000
5.59652 0.60000 13.00000 195.61000 -197.27000 -50.41928
6.07641 0.60000 13.00000 230.86728 -120.77000 -56.00000
4.89544 0.60000 13.00000 214.78000 -128.58000 -60.20785
5.25524 0.60000 13.00000 180.66000 -141.09686 -58.00000
4.98940 0.60000 13.00000 201.02753 -189.78000 -64.00000
5.31813 0.60000 13.00000 260.27000 -134.11000 -68.58923
5.03788 0.60000 13.00000 270.03328 -130.21000 -68.00000
4.71832 0.60000 13.00000 171.92706 -194.99000 -88.00000
5.51112 0.60000 13.00000 178.39000 -187.17000 -93.24269
6.39688 0.60000 13.00000 174.34336 -177.08000 -88.00000
5.35922 0.60000 13.00000 185.54000 -158.20000 -90.49621
5.14556 0.60000 13.00000 182.95344 -147.79000 -88.00000
6.84783 0.60000 13.00000 222.58000 -160.34883 -85.00000
4.69303 0.60000 13.00000 235.07906 -165.04000 -85.00000
4.84471 0.60000 13.00000 246.30000 -160.95331 -85.00000
5.17286 0.60000 13.00000 252.80000 -189.78000 -88.61602
4.48228 0.60000 13.00000 269.70000 -197.56117 -65.00000
5.03539 0.60000 13.00000 265.15000 -187.90547 -65.00000
5.46432 0.60000 13.00000 244.68000 -197.15752 -65.00000
4.86241 0.60000 13.00000 236.39565 -166.34000 -61.00000
5.35884 0.60000 13.00000 232.33000 -175.13000 -64.73627
4.71011 0.60000 13.00000 255.62573 -128.91000 -46.00000
5.34832 0.60000 13.00000 265.80000 -146.13998 -46.00000
4.71158 0.60000 13.00000 193.01000 -181.97000 -36.79124
4.72005 0.60000 13.00000 190.74000 -122.72000 -38.30311
5.13088 0.60000 13.00000 208.61000 -171.10183 -47.00000
4.75104 0.60000 13.00000 205.36000 -166.66018 -33.00000
4.74635 0.60000 13.00000 175.79000 -121.70525 -49.00000
4.70389 0.60000 13.00000 195.94000 -129.23000 -50.83960
4.46445 0.60000 13.00000 180.24346 -135.42000 -49.00000
4.90855 0.60000 13.00000 233.63000 -172.26495 -49.00000
5.69540 0.60000 13.00000 197.89000 -144.21093 -42.00000
5.02300 0.60000 13.00000 216.08000 -147.79000 -40.12493
5.59303 0.60000 13.00000 245.00000 -200.52000 -38.68668
5.10288 0.60000 13.00000 243.05000 -164.71000 -94.55248
6.22449 0.60000 13.00000 239.09047 -153.97000 -94.00000
5.26480 0.60000 13.00000 241.43000 -140.95000 -95.39283
5.96614 0.60000 13.00000 212.72553 -208.01000 -97.00000
4.51589 0.60000 13.00000 194.64000 -139.65000 -65.20888
4.65296 0.60000 13.00000 223.76836 -182.62000 -24.00000
5.25180 0.60000 13.00000 216.29248 -182.29000 -35.00000
4.47928 0.60000 13.00000 227.78000 -175.21019 -35.00000
5.11783 0.60000 13.00000 215.07158 -153.97000 -52.00000
4.81797 0.60000 13.00000 271.32000 -159.51000 -37.87975
6.16581 0.60000 13.00000 280.14686 -152.34000 -38.00000
5.20528 0.60000 13.00000 262.55000 -158.53000 -42.94025
4.54447 0.60000 13.00000 208.61000 -129.00444 -34.00000
5.84653 0.60000 13.00000 195.94000 -182.65155 -73.00000
6.03771 0.60000 13.00000 268.40000 -142.30986 -65.00000
4.88796 0.60000 13.00000 247.60000 -212.31279 -65.00000
5.65956 0.60000 13.00000 222.58000 -131.26210 -52.00000
5.89568 0.60000 13.00000 197.84804 -169.60000 -42.00000
5.24507 0.60000 13.00000 194.96000 -187.69592 -56.00000
5.54344 0.60000 13.00000 227.55225 -139.00000 -71.00000
6.39496 0.60000 13.00000 135.82000 -86.60248 -86.00000
4.44937 0.60000 13.00000 190.74000 -162.43000 -24.85093
5.91489 0.60000 13.00000 226.80000 -190.10000 -38.18668
5.31909 0.60000 13.00000 225.18000 -156.58000 -49.22332
4.78923 0.60000 13.00000 259.62000 -135.09000 -39.12458
5.80413 0.60000 13.00000 211.40000 -152.78093 -1.00000
4.63504 0.60000 13.00000 237.39000 -198.47721 -13.00000
4.40768 0.60000 13.00000 203.92000 -134.09927 -27.00000
4.99642 0.60000 13.00000 222.77000 -153.00798 -2.00000
5.02634 0.60000 13.00000 206.85000 -165.10340 -95.00000
