4.672127	0.400000	12.000000	172.220000	-140.530417	-1.000000	
7.489904	0.400000	12.000000	165.720000	-130.495403	-4.000000	
6.157622	0.400000	12.000000	155.320000	-144.210000	-3.060434	
4.810975	0.400000	12.000000	181.310000	-170.407734	-6.000000	
4.968922	0.400000	12.000000	184.890000	-180.913373	-6.000000	
4.771583	0.400000	12.000000	146.244945	-124.020000	-10.000000	
6.129711	0.400000	12.000000	147.200000	-134.110000	-5.721369	
6.931270	0.400000	12.000000	138.100000	-116.540000	-6.002759	
6.271683	0.400000	12.000000	130.620000	-129.880000	-6.662703	
6.638017	0.400000	12.000000	195.290000	-199.870000	-5.402905	
6.375878	0.400000	12.000000	196.949198	-196.610000	-10.000000	
4.621711	0.400000	12.000000	206.314438	-202.800000	-10.000000	
4.515544	0.400000	12.000000	209.065835	-193.030000	-10.000000	
6.537281	0.400000	12.000000	217.380000	-143.550000	-5.518023	
4.650328	0.400000	12.000000	184.240000	-135.420000	-6.482021	
4.608272	0.400000	12.000000	179.269793	-137.040000	-10.000000	
5.213638	0.400000	12.000000	176.451981	-123.370000	-10.000000	
5.780348	0.400000	12.000000	176.760000	-123.979812	-10.000000	
5.574866	0.400000	12.000000	145.900000	-156.900000	-11.130194	
6.175897	0.400000	12.000000	135.820000	-152.159119	-15.000000	
4.974501	0.400000	12.000000	145.900000	-145.136771	-15.000000	
6.067330	0.400000	12.000000	144.130547	-142.900000	-15.000000	
4.550784	0.400000	12.000000	128.020000	-138.020000	-17.694641	
5.932952	0.400000	12.000000	119.250000	-135.740000	-11.223587	
6.438682	0.400000	12.000000	162.140000	-178.667916	-15.000000	
5.275468	0.400000	12.000000	165.238568	-166.670000	-15.000000	
8.001885	0.400000	12.000000	157.590000	-120.029084	-15.000000	
4.842916	0.400000	12.000000	152.968091	-135.740000	-15.000000	
5.934661	0.400000	12.000000	204.380000	-179.360000	-16.878423	
4.950344	0.400000	12.000000	253.120000	-167.850512	-22.000000	
4.666552	0.400000	12.000000	248.981744	-158.200000	-22.000000	
5.751248	0.400000	12.000000	249.230000	-149.410000	-27.669121	
5.590240	0.400000	12.000000	235.373344	-143.880000	-25.000000	
5.768045	0.400000	12.000000	247.600000	-138.169614	-25.000000	
4.678805	0.400000	12.000000	242.730000	-125.570281	-25.000000	
5.028709	0.400000	12.000000	243.309474	-136.070000	-23.000000	
5.075114	0.400000	12.000000	267.889066	-177.080000	-29.000000	
5.953371	0.400000	12.000000	264.820000	-166.670000	-24.988262	
4.619076	0.400000	12.000000	257.670000	-155.600000	-28.201632	
4.553423	0.400000	12.000000	262.550000	-184.570000	-33.202822	
4.641629	0.400000	12.000000	263.200000	-188.800000	-24.860832	
7.860773	0.400000	12.000000	243.700000	-218.100000	-33.630728	
7.817925	0.400000	12.000000	232.000000	-229.494868	-31.000000	
5.501195	0.400000	12.000000	210.880000	-229.490000	-26.707500	
4.628324	0.400000	12.000000	203.848141	-219.730000	-31.000000	
5.397688	0.400000	12.000000	215.110000	-217.174425	-31.000000	
5.490401	0.400000	12.000000	211.071736	-206.380000	-31.000000	
5.063304	0.400000	12.000000	219.660000	-213.540000	-35.911169	
4.803142	0.400000	12.000000	227.780111	-210.610000	-31.000000	
6.293219	0.400000	12.000000	220.310000	-201.500000	-37.048820	
5.932077	0.400000	12.000000	204.710000	-133.460000	-0.368277	
4.683483	0.400000	12.000000	223.861926	-210.610000	-18.000000	
4.843817	0.400000	12.000000	218.030000	-202.433070	-18.000000	
4.682154	0.400000	12.000000	189.024659	-197.590000	-18.000000	
4.692422	0.400000	12.000000	192.410613	-202.800000	-18.000000	
5.357921	0.400000	12.000000	183.260000	-197.920000	-15.536481	
4.760973	0.400000	12.000000	177.740000	-135.420000	-19.407093	
5.830318	0.400000	12.000000	184.560000	-144.202266	-24.000000	
5.226649	0.400000	12.000000	131.920000	-110.030000	-26.200538	
5.004152	0.400000	12.000000	200.500428	-208.660000	-28.000000	
6.157701	0.400000	12.000000	197.560000	-195.640000	-33.743687	
4.826927	0.400000	12.000000	234.366704	-173.180000	-28.000000	
6.413631	0.400000	12.000000	236.880000	-168.923897	-28.000000	
5.037508	0.400000	12.000000	225.180000	-164.390000	-28.000000	
5.000831	0.400000	12.000000	126.400000	-111.330000	-44.600462	
5.893015	0.400000	12.000000	179.074533	-101.890000	-40.000000	
4.563295	0.400000	12.000000	193.340000	-83.561937	-40.000000	
4.866019	0.400000	12.000000	193.660000	-98.769698	-40.000000	
5.148808	0.400000	12.000000	215.546202	-98.310000	-40.000000	
5.205147	0.400000	12.000000	231.628202	-166.020000	-39.000000	
4.489350	0.400000	12.000000	236.550000	-168.619029	-39.000000	
5.531563	0.400000	12.000000	241.750000	-178.449888	-39.000000	
4.558595	0.400000	12.000000	244.172344	-175.130000	-39.000000	
4.893753	0.400000	12.000000	254.100000	-177.344429	-39.000000	
5.248963	0.400000	12.000000	251.500000	-166.670000	-42.396586	
5.247252	0.400000	12.000000	242.080000	-156.900000	-41.467844	
6.205725	0.400000	12.000000	146.154918	-110.350000	-41.000000	
7.924834	0.400000	12.000000	198.934168	-223.310000	-31.000000	
5.144470	0.400000	12.000000	118.280000	-161.780000	-27.202615	
4.501021	0.400000	12.000000	125.420000	-156.685036	-32.000000	
4.480816	0.400000	12.000000	113.230045	-145.830000	-32.000000	
6.714295	0.400000	12.000000	122.830000	-144.530000	-38.025222	
4.707821	0.400000	12.000000	124.882840	-130.860000	-32.000000	
6.538348	0.400000	12.000000	137.631904	-145.180000	-31.000000	
4.778776	0.400000	12.000000	141.350000	-109.155531	-31.000000	
4.861613	0.400000	12.000000	153.950459	-131.840000	-31.000000	
4.496714	0.400000	12.000000	163.637106	-128.580000	-31.000000	
4.605120	0.400000	12.000000	203.730000	-105.470000	-34.326338	
5.638309	0.400000	12.000000	211.530000	-112.960000	-32.422918	
5.155215	0.400000	12.000000	201.460000	-96.680000	-40.447078	
4.899653	0.400000	12.000000	224.860000	-127.600000	-37.444188	
5.184838	0.400000	12.000000	236.975322	-131.180000	-38.000000	
4.893636	0.400000	12.000000	242.730000	-118.991366	-38.000000	
4.527485	0.400000	12.000000	229.080000	-109.009895	-38.000000	
5.770393	0.400000	12.000000	273.600000	-172.409866	-51.000000	
6.297257	0.400000	12.000000	278.140000	-160.436694	-52.000000	
6.654122	0.400000	12.000000	277.170000	-187.674124	-52.000000	
4.682391	0.400000	12.000000	263.200000	-199.870000	-49.213750	
5.489438	0.400000	12.000000	259.620000	-202.470000	-49.451655	
6.864010	0.400000	12.000000	261.250000	-207.360000	-46.880160	
5.196783	0.400000	12.000000	185.540000	-225.013574	-55.000000	
4.564924	0.400000	12.000000	149.816026	-178.060000	-70.000000	
5.386614	0.400000	12.000000	157.270000	-185.870000	-73.097378	
6.676631	0.400000	12.000000	143.650388	-204.100000	-81.000000	
5.111040	0.400000	12.000000	154.990000	-212.890000	-80.753141	
5.506983	0.400000	12.000000	155.323828	-200.520000	-81.000000	
6.176777	0.400000	12.000000	175.249142	-219.730000	-81.000000	
7.826809	0.400000	12.000000	253.450000	-214.333961	-80.000000	
4.884295	0.400000	12.000000	196.260000	-229.820000	-74.949203	
4.630133	0.400000	12.000000	194.320493	-218.100000	-74.000000	
5.334451	0.400000	12.000000	165.070000	-217.450000	-74.748175	
4.896192	0.400000	12.000000	183.260000	-121.612446	-73.000000	
5.585007	0.400000	12.000000	182.610000	-110.030000	-71.745073	
7.192462	0.400000	12.000000	193.010000	-115.560000	-79.708245	
6.678522	0.400000	12.000000	201.780000	-113.280000	-67.438902	
5.295072	0.400000	12.000000	170.197050	-187.830000	-27.000000	
5.127460	0.400000	12.000000	187.490000	-182.023202	-27.000000	
4.804177	0.400000	12.000000	182.290000	-172.611130	-27.000000	
6.018757	0.400000	12.000000	190.090000	-154.300000	-33.960194	
6.672187	0.400000	12.000000	199.510000	-149.090000	-24.585405	
5.525635	0.400000	12.000000	252.470000	-176.865477	-31.000000	
4.869705	0.400000	12.000000	251.435403	-163.740000	-31.000000	
4.685496	0.400000	12.000000	246.538992	-160.810000	-31.000000	
5.004623	0.400000	12.000000	247.600000	-149.740000	-29.400909	
5.122312	0.400000	12.000000	138.100000	-130.530000	-16.085643	
5.719705	0.400000	12.000000	127.370000	-126.035887	-18.000000	
4.623073	0.400000	12.000000	119.969224	-146.160000	-22.000000	
7.900744	0.400000	12.000000	129.320000	-168.873520	-24.000000	
5.465160	0.400000	12.000000	142.970000	-133.460000	-33.724235	
5.518399	0.400000	12.000000	137.770000	-148.760000	-33.149807	
4.616279	0.400000	12.000000	141.377108	-122.070000	-34.000000	
4.691706	0.400000	12.000000	191.390000	-134.991812	-38.000000	
5.817576	0.400000	12.000000	211.643746	-227.210000	-72.000000	
6.327258	0.400000	12.000000	221.930000	-219.080000	-70.976456	
4.743484	0.400000	12.000000	232.980000	-217.450000	-74.052246	
5.732370	0.400000	12.000000	227.450000	-228.840000	-66.443388	
8.176324	0.400000	12.000000	208.930000	-208.432862	-72.000000	
4.587669	0.400000	12.000000	181.212316	-214.520000	-72.000000	
6.031398	0.400000	12.000000	250.520000	-147.606869	-87.000000	
5.377804	0.400000	12.000000	266.450000	-151.254762	-87.000000	
6.385122	0.400000	12.000000	267.750000	-163.410000	-91.838336	
5.948218	0.400000	12.000000	252.623388	-168.620000	-87.000000	
6.001936	0.400000	12.000000	199.791110	-202.150000	-84.000000	
7.520721	0.400000	12.000000	183.590000	-201.820000	-85.622958	
4.849934	0.400000	12.000000	202.110000	-220.380000	-84.746990	
5.982562	0.400000	12.000000	215.487995	-217.120000	-84.000000	
4.570415	0.400000	12.000000	231.680000	-124.946541	-70.000000	
4.938837	0.400000	12.000000	243.550711	-141.600000	-70.000000	
5.402487	0.400000	12.000000	162.666047	-127.280000	-67.000000	
6.365885	0.400000	12.000000	154.340000	-138.309719	-67.000000	
7.361515	0.400000	12.000000	167.990000	-113.909139	-67.000000	
5.029474	0.400000	12.000000	163.440000	-101.980747	-67.000000	
6.005520	0.400000	12.000000	137.088345	-114.580000	-67.000000	
5.815443	0.400000	12.000000	181.310000	-172.236878	-48.000000	
5.699539	0.400000	12.000000	173.840000	-158.200000	-52.109503	
5.235122	0.400000	12.000000	189.440000	-139.963973	-50.000000	
6.963898	0.400000	12.000000	240.232097	-151.370000	-42.000000	
4.655919	0.400000	12.000000	254.100000	-154.950000	-45.689636	
4.500006	0.400000	12.000000	270.350000	-169.920000	-38.333941	
6.101303	0.400000	12.000000	270.947642	-180.660000	-42.000000	
5.936182	0.400000	12.000000	210.880000	-196.008763	-44.000000	
4.755774	0.400000	12.000000	200.480000	-202.150000	-44.937544	
7.884437	0.400000	12.000000	208.610000	-212.303784	-44.000000	
4.701841	0.400000	12.000000	197.890000	-220.700000	-45.207379	
4.612916	0.400000	12.000000	218.680000	-235.350000	-34.496227	
5.535796	0.400000	12.000000	190.399104	-212.240000	-37.000000	
4.870471	0.400000	12.000000	117.300000	-135.622469	-27.000000	
5.116740	0.400000	12.000000	128.020000	-137.040000	-22.836923	
5.243948	0.400000	12.000000	136.783635	-127.280000	-27.000000	
4.584727	0.400000	12.000000	128.670000	-120.732843	-27.000000	
5.374140	0.400000	12.000000	153.370000	-114.910000	-29.160095	
5.887386	0.400000	12.000000	243.595240	-171.550000	-17.000000	
5.312061	0.400000	12.000000	236.550000	-180.340000	-15.356197	
7.668113	0.400000	12.000000	157.920000	-132.458022	-52.000000	
5.099379	0.400000	12.000000	161.927970	-139.000000	-52.000000	
4.525688	0.400000	12.000000	144.920000	-140.950000	-54.807837	
6.101248	0.400000	12.000000	144.270000	-131.510000	-48.965178	
5.268983	0.400000	12.000000	127.050000	-132.160000	-48.636955	
6.920451	0.400000	12.000000	141.020000	-103.636027	-52.000000	
6.127575	0.400000	12.000000	171.240000	-92.507927	-52.000000	
4.602697	0.400000	12.000000	255.095463	-192.710000	-49.000000	
5.004667	0.400000	12.000000	245.554619	-186.850000	-49.000000	
5.347925	0.400000	12.000000	177.410000	-156.274253	-64.000000	
5.826915	0.400000	12.000000	169.899714	-169.600000	-64.000000	
5.560632	0.400000	12.000000	179.360000	-179.360000	-62.027106	
4.649634	0.400000	12.000000	193.668956	-174.480000	-64.000000	
7.995495	0.400000	12.000000	196.590000	-158.530000	-65.287920	
4.760009	0.400000	12.000000	187.160000	-146.165112	-64.000000	
5.981577	0.400000	12.000000	214.780000	-135.394125	-64.000000	
4.714291	0.400000	12.000000	193.660000	-121.740000	-63.633330	
5.731870	0.400000	12.000000	215.844217	-116.210000	-64.000000	
4.888276	0.400000	12.000000	189.760000	-112.498389	-64.000000	
5.162716	0.400000	12.000000	130.620000	-151.040000	-71.369515	
4.485010	0.400000	12.000000	250.520000	-152.020000	-66.972124	
4.555239	0.400000	12.000000	254.100000	-162.299283	-64.000000	
5.747136	0.400000	12.000000	252.639683	-172.850000	-64.000000	
4.772143	0.400000	12.000000	256.700000	-145.476924	-64.000000	
5.081795	0.400000	12.000000	252.318215	-129.560000	-64.000000	
6.883213	0.400000	12.000000	248.900000	-114.116092	-64.000000	
5.911462	0.400000	12.000000	211.887248	-96.030000	-64.000000	
4.609918	0.400000	12.000000	201.023203	-95.700000	-64.000000	
7.766417	0.400000	12.000000	247.058329	-226.560000	-64.000000	
4.950905	0.400000	12.000000	153.933453	-170.250000	-15.000000	
5.106396	0.400000	12.000000	220.310000	-224.610000	-25.706683	
4.772932	0.400000	12.000000	144.810620	-120.120000	-22.000000	
5.734516	0.400000	12.000000	143.300000	-113.930000	-17.430750	
4.730849	0.400000	12.000000	117.630000	-158.200000	-38.701023	
5.033826	0.400000	12.000000	119.250000	-156.115519	-36.000000	
5.396991	0.400000	12.000000	148.723807	-124.020000	-38.000000	
6.445421	0.400000	12.000000	155.320000	-115.230000	-43.452496	
5.942236	0.400000	12.000000	164.090000	-117.840000	-32.914188	
5.287648	0.400000	12.000000	171.570000	-115.560000	-41.332410	
4.852414	0.400000	12.000000	174.490000	-130.668841	-38.000000	
4.883834	0.400000	12.000000	175.756016	-176.110000	-35.000000	
4.988748	0.400000	12.000000	164.467876	-170.570000	-35.000000	
5.807611	0.400000	12.000000	167.982535	-165.040000	-35.000000	
5.244455	0.400000	12.000000	172.220000	-154.041976	-35.000000	
4.854621	0.400000	12.000000	180.340000	-147.771561	-35.000000	
4.710744	0.400000	12.000000	185.210000	-144.423446	-35.000000	
4.543408	0.400000	12.000000	177.740000	-121.891666	-35.000000	
4.491136	0.400000	12.000000	239.480000	-141.791819	-35.000000	
5.109543	0.400000	12.000000	233.411925	-149.740000	-35.000000	
6.252768	0.400000	12.000000	256.050000	-167.040669	-74.000000	
4.807221	0.400000	12.000000	269.050000	-165.360000	-78.606844	
4.918006	0.400000	12.000000	273.270000	-154.723302	-74.000000	
4.623241	0.400000	12.000000	245.330000	-190.100000	-75.859755	
4.522773	0.400000	12.000000	265.150000	-196.940000	-78.304931	
4.982752	0.400000	12.000000	210.230000	-137.040000	-77.484916	
5.283279	0.400000	12.000000	211.693315	-122.070000	-74.000000	
5.620022	0.400000	12.000000	215.110000	-118.820000	-78.635683	
4.969257	0.400000	12.000000	228.430000	-130.210000	-77.458305	
4.515351	0.400000	12.000000	147.230562	-115.560000	-74.000000	
6.758934	0.400000	12.000000	232.999531	-178.710000	-104.000000	
6.574124	0.400000	12.000000	174.490000	-133.140000	-88.974488	
6.917487	0.400000	12.000000	170.920000	-147.882240	-91.000000	
5.798653	0.400000	12.000000	193.508267	-98.310000	-84.000000	
5.865952	0.400000	12.000000	205.030000	-109.132482	-84.000000	
6.816134	0.400000	12.000000	151.090000	-104.846369	-84.000000	
4.983375	0.400000	12.000000	144.600000	-119.616267	-84.000000	
4.873293	0.400000	12.000000	188.460000	-187.579478	-73.000000	
4.908576	0.400000	12.000000	181.310000	-176.760000	-72.958255	
4.826430	0.400000	12.000000	179.690000	-162.196560	-73.000000	
4.696068	0.400000	12.000000	215.159228	-169.600000	-73.000000	
6.491854	0.400000	12.000000	212.624848	-186.520000	-73.000000	
5.018646	0.400000	12.000000	264.500000	-215.820000	-60.613625	
5.425901	0.400000	12.000000	157.270000	-104.795959	-58.000000	
5.479598	0.400000	12.000000	179.690000	-93.750000	-61.032797	
4.790734	0.400000	12.000000	227.130000	-203.893692	-59.000000	
5.493253	0.400000	12.000000	138.832966	-119.140000	-46.000000	
4.657843	0.400000	12.000000	131.584443	-111.980000	-46.000000	
4.602144	0.400000	12.000000	129.178317	-122.720000	-46.000000	
5.271095	0.400000	12.000000	157.270000	-130.262243	-46.000000	
6.039307	0.400000	12.000000	156.290000	-116.540000	-46.786574	
5.686839	0.400000	12.000000	168.970000	-116.926719	-46.000000	
6.129353	0.400000	12.000000	163.437435	-104.820000	-46.000000	
5.226864	0.400000	12.000000	227.780000	-144.960526	-45.000000	
4.538395	0.400000	12.000000	206.010000	-130.210000	-43.106137	
4.874635	0.400000	12.000000	213.160000	-122.720000	-42.785913	
4.965391	0.400000	12.000000	210.880000	-113.092070	-46.000000	
6.036331	0.400000	12.000000	187.259424	-123.050000	-46.000000	
5.850115	0.400000	12.000000	230.380000	-101.240000	-49.716967	
6.329564	0.400000	12.000000	120.880000	-141.280000	-44.151595	
4.652873	0.400000	12.000000	160.200284	-208.660000	-29.000000	
5.891756	0.400000	12.000000	169.620000	-203.780000	-25.207618	
4.674313	0.400000	12.000000	200.480000	-226.890000	-65.977212	
5.487419	0.400000	12.000000	189.440000	-227.470169	-66.000000	
5.651929	0.400000	12.000000	194.088806	-207.680000	-66.000000	
5.369242	0.400000	12.000000	149.150000	-119.341007	-62.000000	
4.505782	0.400000	12.000000	147.200000	-108.400000	-65.199197	
4.671959	0.400000	12.000000	272.117679	-155.920000	-61.000000	
7.617332	0.400000	12.000000	206.980000	-189.780000	-50.938060	
4.569431	0.400000	12.000000	220.960000	-200.850000	-50.703262	
4.609755	0.400000	12.000000	220.310000	-188.851334	-51.000000	
6.180209	0.400000	12.000000	222.670834	-213.540000	-51.000000	
6.017541	0.400000	12.000000	205.360000	-217.770000	-54.393129	
6.788863	0.400000	12.000000	201.130000	-238.704037	-51.000000	
5.693015	0.400000	12.000000	221.610000	-225.590000	-53.192993	
6.554449	0.400000	12.000000	224.860000	-213.565671	-51.000000	
5.999868	0.400000	12.000000	258.650000	-177.080000	-50.129941	
5.512228	0.400000	12.000000	245.650000	-163.436339	-51.000000	
4.559319	0.400000	12.000000	238.830000	-153.320000	-55.528643	
4.987175	0.400000	12.000000	247.523424	-180.660000	-51.000000	
4.952445	0.400000	12.000000	235.183061	-182.290000	-51.000000	
4.616362	0.400000	12.000000	195.452416	-177.080000	-51.000000	
6.520957	0.400000	12.000000	189.440000	-155.415005	-51.000000	
6.772384	0.400000	12.000000	164.383045	-177.410000	-51.000000	
5.356656	0.400000	12.000000	156.290000	-194.779374	-51.000000	
4.696362	0.400000	12.000000	163.830819	-165.040000	-55.000000	
6.177195	0.400000	12.000000	211.210000	-146.810000	-54.514385	
6.342596	0.400000	12.000000	202.368551	-134.110000	-55.000000	
5.272001	0.400000	12.000000	185.115003	-115.230000	-55.000000	
5.364263	0.400000	12.000000	167.055760	-123.370000	-55.000000	
5.551152	0.400000	12.000000	151.090000	-119.140000	-56.953267	
4.842263	0.400000	12.000000	128.670000	-117.840000	-54.447552	
5.813185	0.400000	12.000000	122.180000	-108.644733	-55.000000	
5.991152	0.400000	12.000000	224.212741	-179.040000	-15.000000	
5.951313	0.400000	12.000000	225.362212	-178.390000	-15.000000	
6.216472	0.400000	12.000000	199.942075	-111.330000	-51.000000	
4.867248	0.400000	12.000000	239.340000	-133.560000	-49.613436	
6.624127	0.400000	12.000000	206.520000	-156.377574	-45.000000	
5.572848	0.400000	12.000000	214.320000	-161.230000	-26.023897	
5.145406	0.400000	12.000000	174.232735	-183.040000	-4.000000	
5.364460	0.400000	12.000000	171.100000	-171.320000	-1.807412	
7.813545	0.400000	12.000000	178.580000	-150.810000	3.653828	
7.096990	0.400000	12.000000	210.100000	-187.414908	1.000000	
6.260581	0.400000	12.000000	227.320000	-201.580520	-8.000000	
5.423926	0.400000	12.000000	170.655249	-143.650000	-26.000000	
6.536711	0.400000	12.000000	167.530000	-192.810000	0.767243	
5.585706	0.400000	12.000000	264.690000	-129.875597	-51.000000	
5.067642	0.400000	12.000000	195.470000	-143.980000	-92.788372	
4.578557	0.400000	12.000000	220.490000	-197.360000	-85.086120	
6.621794	0.400000	12.000000	220.820000	-183.368277	-85.000000	
5.123850	0.400000	12.000000	230.890000	-192.150000	-80.329751	
5.272902	0.400000	12.000000	232.190000	-204.698625	-85.000000	
8.072393	0.400000	12.000000	244.210000	-127.700000	-90.435748	
6.268434	0.400000	12.000000	248.440000	-139.420000	-57.831442	
4.931170	0.400000	12.000000	238.520684	-129.330000	-63.000000	
5.952268	0.400000	12.000000	181.500000	-189.550000	-54.324677	
4.823233	1.000000	11.000000	199.957296	-185.870000	-6.000000	
5.292871	1.000000	11.000000	169.826289	-155.270000	-8.000000	
4.408770	1.000000	11.000000	185.210000	-154.186022	-12.000000	
4.468312	1.000000	11.000000	193.340000	-158.200000	-10.230309	
4.649061	1.000000	11.000000	198.210000	-148.760000	-10.482899	
4.378766	1.000000	11.000000	205.360000	-140.630000	-14.876390	
4.988432	1.000000	11.000000	195.476221	-111.000000	-16.000000	
5.095366	1.000000	11.000000	179.144053	-185.550000	-16.000000	
4.629126	1.000000	11.000000	191.710000	-188.480000	-17.570607	
4.865616	1.000000	11.000000	222.660691	-222.010000	-16.000000	
5.548889	1.000000	11.000000	206.330000	-214.778440	-16.000000	
5.371547	1.000000	11.000000	220.632985	-167.970000	-16.000000	
6.042178	1.000000	11.000000	231.350000	-157.230000	-18.401779	
5.208666	1.000000	11.000000	219.316060	-150.390000	-20.000000	
4.900774	1.000000	11.000000	227.450000	-139.320000	-15.154143	
6.227445	1.000000	11.000000	164.090000	-117.510000	-17.352901	
5.126260	1.000000	11.000000	147.850000	-162.964157	-23.000000	
4.675123	1.000000	11.000000	127.846517	-153.970000	-23.000000	
5.426263	1.000000	11.000000	184.240000	-212.614233	-26.000000	
5.105350	1.000000	11.000000	183.910000	-201.331000	-26.000000	
4.921409	1.000000	11.000000	243.700000	-179.690000	-24.469886	
5.160299	1.000000	11.000000	253.377497	-190.430000	-27.000000	
4.628091	1.000000	11.000000	236.880000	-199.839447	-30.000000	
4.510327	1.000000	11.000000	230.757458	-200.850000	-30.000000	
4.571364	1.000000	11.000000	162.470000	-103.525187	-31.000000	
5.681883	1.000000	11.000000	178.390000	-111.980000	-28.886442	
4.992127	1.000000	11.000000	182.940000	-101.560000	-26.509260	
4.977851	1.000000	11.000000	195.610000	-100.590000	-27.532602	
4.694307	1.000000	11.000000	210.560000	-116.450671	-32.000000	
4.913547	1.000000	11.000000	225.180000	-117.190000	-27.802756	
4.884107	1.000000	11.000000	220.960000	-106.087773	-32.000000	
4.803131	1.000000	11.000000	175.140000	-195.640000	-37.485786	
5.356626	1.000000	11.000000	187.002892	-190.430000	-34.000000	
4.444246	1.000000	11.000000	169.620000	-183.143937	-34.000000	
5.310336	1.000000	11.000000	230.389335	-215.170000	-34.000000	
4.767269	1.000000	11.000000	218.360000	-134.770000	-34.419764	
4.539500	1.000000	11.000000	232.726486	-121.090000	-37.000000	
4.723670	1.000000	11.000000	133.550000	-126.936673	-37.000000	
4.853942	1.000000	11.000000	169.290000	-107.722274	-37.000000	
4.797292	1.000000	11.000000	128.350000	-161.460000	-41.420136	
4.427612	1.000000	11.000000	164.740000	-210.196787	-37.000000	
4.702675	1.000000	11.000000	255.783526	-144.860000	-40.000000	
4.562578	1.000000	11.000000	249.880000	-133.807445	-40.000000	
4.642724	1.000000	11.000000	181.829446	-152.020000	-22.000000	
4.836197	1.000000	11.000000	165.031073	-160.480000	-24.000000	
5.132161	1.000000	11.000000	159.581645	-141.930000	-25.000000	
4.514640	1.000000	11.000000	205.680000	-200.378286	-25.000000	
4.538717	1.000000	11.000000	202.430000	-210.075041	-25.000000	
4.481180	1.000000	11.000000	196.260000	-175.130000	-25.443254	
4.727467	1.000000	11.000000	148.903641	-153.650000	-28.000000	
4.546479	1.000000	11.000000	226.203477	-151.370000	-28.000000	
5.791835	1.000000	11.000000	202.809561	-149.410000	-31.000000	
5.746340	1.000000	11.000000	181.310000	-205.400000	-38.676167	
4.845285	1.000000	11.000000	164.740000	-178.710000	2.534206	
5.058835	1.000000	11.000000	227.933677	-135.420000	-28.000000	
4.590976	1.000000	11.000000	249.230000	-190.430000	-37.268554	
4.803594	1.000000	11.000000	192.040000	-228.115588	-54.000000	
6.838273	1.000000	11.000000	188.460000	-211.705985	-54.000000	
4.670129	1.000000	11.000000	176.551126	-211.910000	-54.000000	
4.943972	1.000000	11.000000	173.520000	-211.865504	-54.000000	
4.487174	1.000000	11.000000	161.170000	-205.730000	-66.692691	
4.736340	1.000000	11.000000	151.090000	-197.920000	-63.253223	
4.723360	1.000000	11.000000	137.770000	-198.433353	-66.000000	
5.672935	1.000000	11.000000	163.849253	-192.710000	-66.000000	
4.717429	1.000000	11.000000	135.820000	-189.450000	-62.584594	
5.382526	1.000000	11.000000	127.230266	-196.940000	-66.000000	
5.402065	1.000000	11.000000	138.100000	-135.090000	-81.230619	
4.935397	1.000000	11.000000	150.593140	-127.280000	-80.000000	
5.264045	1.000000	11.000000	226.150000	-225.604361	-80.000000	
5.107866	1.000000	11.000000	159.870000	-152.340000	-29.524574	
5.158216	1.000000	11.000000	154.340000	-147.460000	-21.924897	
4.882980	1.000000	11.000000	176.754246	-123.700000	-25.000000	
4.445301	1.000000	11.000000	188.790000	-126.300000	-23.926165	
4.404968	1.000000	11.000000	185.860000	-134.110000	-28.696426	
5.322070	1.000000	11.000000	183.260000	-191.080000	-23.935870	
4.364580	1.000000	11.000000	152.720000	-144.795076	-35.000000	
5.453842	1.000000	11.000000	180.660000	-137.040000	-43.402987	
5.765404	1.000000	11.000000	174.812427	-146.480000	-51.000000	
4.430126	1.000000	11.000000	125.750000	-149.147063	-50.000000	
5.001957	1.000000	11.000000	147.865952	-150.070000	-50.000000	
4.643961	1.000000	11.000000	134.520000	-126.630000	-52.920927	
5.770635	1.000000	11.000000	176.110000	-108.070000	-55.325652	
4.330193	1.000000	11.000000	187.490000	-107.252838	-50.000000	
4.407777	1.000000	11.000000	200.810000	-98.018591	-50.000000	
4.795476	1.000000	11.000000	216.730000	-104.950105	-50.000000	
4.645543	1.000000	11.000000	228.883838	-111.980000	-50.000000	
4.799605	1.000000	11.000000	220.630000	-119.837469	-50.000000	
4.670827	1.000000	11.000000	178.060000	-222.980000	-68.340552	
5.246831	1.000000	11.000000	172.350396	-208.010000	-71.000000	
4.943996	1.000000	11.000000	161.855632	-126.630000	-86.000000	
4.753992	1.000000	11.000000	172.866419	-121.740000	-86.000000	
5.205093	1.000000	11.000000	213.160000	-158.200000	-97.124849	
5.262091	1.000000	11.000000	207.960000	-147.790000	-100.020162	
5.811405	1.000000	11.000000	218.030000	-169.386084	-99.000000	
5.102803	1.000000	11.000000	167.020000	-160.160000	-95.898880	
6.120502	1.000000	11.000000	166.040000	-154.300000	-75.022801	
5.344475	1.000000	11.000000	171.890000	-162.430000	-80.971889	
5.353629	1.000000	11.000000	119.926200	-153.650000	-61.000000	
5.063010	1.000000	11.000000	123.800000	-143.230000	-63.581204	
4.538723	1.000000	11.000000	132.250000	-135.688440	-61.000000	
4.506147	1.000000	11.000000	139.479805	-126.300000	-61.000000	
4.930292	1.000000	11.000000	157.590000	-158.938216	-61.000000	
4.797663	1.000000	11.000000	250.291881	-187.170000	-17.000000	
5.799053	1.000000	11.000000	253.072416	-180.340000	-17.000000	
5.067729	1.000000	11.000000	233.630000	-196.977748	-49.000000	
4.678931	1.000000	11.000000	241.460799	-223.310000	-49.000000	
4.911861	1.000000	11.000000	237.924896	-213.870000	-49.000000	
4.585139	1.000000	11.000000	235.250000	-152.990000	-14.522177	
5.665549	1.000000	11.000000	178.576708	-174.800000	-19.000000	
4.579602	1.000000	11.000000	221.621895	-162.430000	-19.000000	
4.866336	1.000000	11.000000	144.920000	-155.600000	-37.013209	
5.554634	1.000000	11.000000	143.620000	-167.123561	-36.000000	
4.989161	1.000000	11.000000	136.470000	-162.592130	-36.000000	
4.598577	1.000000	11.000000	178.710000	-114.690434	-81.000000	
5.382790	1.000000	11.000000	182.940000	-103.442682	-81.000000	
4.849638	1.000000	11.000000	160.840000	-107.750000	-76.155594	
5.715677	1.000000	11.000000	222.346364	-180.990000	-58.000000	
4.461613	1.000000	11.000000	209.580000	-175.835004	-58.000000	
4.512485	1.000000	11.000000	217.754783	-165.690000	-58.000000	
4.392724	1.000000	11.000000	164.219962	-209.640000	-58.000000	
4.701298	1.000000	11.000000	231.680000	-189.450000	-11.648814	
4.867319	1.000000	11.000000	126.070000	-165.183285	-53.000000	
4.654378	1.000000	11.000000	255.720000	-214.840000	-54.896197	
4.726896	1.000000	11.000000	155.640000	-169.767585	-53.000000	
4.423755	1.000000	11.000000	174.170000	-187.870283	-65.000000	
4.713740	1.000000	11.000000	154.670000	-152.399588	-65.000000	
4.572827	1.000000	11.000000	263.200000	-156.728847	-65.000000	
4.421385	1.000000	11.000000	229.730000	-208.660000	-68.240371	
5.259547	1.000000	11.000000	239.150000	-207.030000	-73.183577	
5.013505	1.000000	11.000000	267.100000	-183.270000	-58.540569	
4.533355	1.000000	11.000000	264.820000	-171.550000	-61.943984	
4.976167	1.000000	11.000000	213.480000	-174.800000	-12.320236	
4.757351	1.000000	11.000000	236.880000	-193.030000	-27.286798	
5.459772	1.000000	11.000000	176.630000	-160.580000	-27.097683	
4.634976	1.000000	11.000000	152.260000	-161.230000	-23.254581	
4.899727	1.000000	11.000000	250.710000	-207.130000	-63.433278	
4.671099	1.000000	11.000000	205.422954	-102.640000	-70.000000	
4.513087	1.000000	11.000000	213.670000	-98.469180	-70.000000	
4.970461	1.000000	11.000000	217.570000	-110.770000	-69.663757	
4.375070	1.000000	11.000000	227.320000	-114.030000	-72.089289	
4.401993	1.000000	11.000000	191.580000	-90.773285	-65.000000	
4.608081	1.000000	11.000000	194.170000	-133.230000	-86.887406	
5.046510	1.000000	11.000000	198.400000	-123.835953	-91.000000	
5.286448	1.000000	11.000000	237.390000	-194.430000	-54.751100	
5.216005	1.000000	11.000000	246.160000	-197.953201	-50.000000	
4.903948	1.000000	11.000000	172.080000	-200.940000	-59.056706	
4.543386	1.000000	11.000000	139.509234	-160.580000	-58.000000	
4.633487	1.000000	11.000000	129.840000	-155.266422	-58.000000	
4.578753	1.000000	11.000000	190.749423	-102.960000	-62.000000	
5.773760	0.600000	13.000000	204.693215	-164.390000	-7.000000	
4.797610	0.600000	13.000000	216.080000	-166.401312	-7.000000	
5.627088	0.600000	13.000000	229.400000	-165.690000	-5.489394	
4.557330	0.600000	13.000000	240.281889	-162.760000	-10.000000	
4.738424	0.600000	13.000000	196.590000	-139.188004	-9.000000	
5.941205	0.600000	13.000000	157.270000	-156.250000	-8.161750	
5.429000	0.600000	13.000000	195.940000	-175.339553	-6.000000	
4.543896	0.600000	13.000000	183.910000	-128.910000	-16.326039	
6.419886	0.600000	13.000000	199.840000	-121.590834	-16.000000	
5.343532	0.600000	13.000000	215.244030	-133.460000	-16.000000	
4.738899	0.600000	13.000000	181.310000	-162.698577	-15.000000	
4.745780	0.600000	13.000000	201.130000	-158.873767	-16.000000	
4.537012	0.600000	13.000000	193.660000	-167.320000	-15.857933	
5.218909	0.600000	13.000000	189.760000	-178.891143	-16.000000	
5.606625	0.600000	13.000000	197.240000	-168.759512	-16.000000	
4.592859	0.600000	13.000000	207.637146	-151.690000	-16.000000	
5.058480	0.600000	13.000000	216.047551	-189.450000	-19.000000	
4.395152	0.600000	13.000000	240.410837	-189.130000	-19.000000	
6.056413	0.600000	13.000000	240.450000	-208.330000	-18.527372	
4.473172	0.600000	13.000000	194.310000	-136.070000	-25.219723	
5.401306	0.600000	13.000000	205.230529	-112.300000	-23.000000	
5.953032	0.600000	13.000000	262.220000	-133.388448	-25.000000	
5.370491	0.600000	13.000000	236.880000	-120.175068	-25.000000	
5.191632	0.600000	13.000000	210.560000	-127.697801	-25.000000	
5.261007	0.600000	13.000000	186.510000	-170.836763	-28.000000	
4.454543	0.600000	13.000000	235.580000	-183.590000	-31.688852	
5.659656	0.600000	13.000000	225.500000	-193.360000	-23.807006	
5.122911	0.600000	13.000000	214.434029	-195.640000	-28.000000	
5.815655	0.600000	13.000000	219.980000	-183.831327	-28.000000	
5.320671	0.600000	13.000000	212.830000	-180.660000	-24.231335	
4.455542	0.600000	13.000000	204.256263	-184.900000	-28.000000	
4.729918	0.600000	13.000000	219.980000	-173.180000	-28.000000	
4.470600	0.600000	13.000000	246.982482	-197.920000	-28.000000	
5.493881	0.600000	13.000000	253.328331	-206.050000	-28.000000	
5.396219	0.600000	13.000000	271.538642	-155.600000	-28.000000	
4.752052	0.600000	13.000000	268.946059	-143.880000	-28.000000	
4.780913	0.600000	13.000000	258.249182	-141.930000	-28.000000	
4.822787	0.600000	13.000000	200.336383	-164.060000	-29.000000	
4.846957	0.600000	13.000000	190.740000	-109.380000	-27.710565	
5.005932	0.600000	13.000000	174.170000	-96.644781	-29.000000	
5.747539	0.600000	13.000000	229.080000	-133.145649	-29.000000	
4.807334	0.600000	13.000000	223.230000	-142.250000	-25.489526	
5.056955	0.600000	13.000000	214.497584	-148.440000	-29.000000	
5.348927	0.600000	13.000000	251.820000	-125.207223	-32.000000	
6.411205	0.600000	13.000000	203.730000	-140.950000	-40.197407	
5.073702	0.600000	13.000000	194.814055	-126.300000	-34.000000	
4.567106	0.600000	13.000000	246.300000	-208.980000	-46.901673	
5.301305	0.600000	13.000000	195.610000	-197.270000	-45.557038	
5.424778	0.600000	13.000000	236.550000	-115.366005	-56.000000	
4.711868	0.600000	13.000000	214.780000	-128.580000	-53.203114	
6.253171	0.600000	13.000000	180.660000	-131.359173	-58.000000	
5.811562	0.600000	13.000000	200.160000	-185.317483	-64.000000	
6.044212	0.600000	13.000000	260.270000	-134.110000	-70.697174	
5.388001	0.600000	13.000000	265.150000	-130.404955	-68.000000	
5.078269	0.600000	13.000000	168.183311	-194.990000	-88.000000	
5.808228	0.600000	13.000000	178.390000	-185.048669	-88.000000	
6.209690	0.600000	13.000000	168.757649	-177.080000	-88.000000	
5.293311	0.600000	13.000000	180.551099	-158.200000	-88.000000	
4.616715	0.600000	13.000000	187.810000	-147.692472	-88.000000	
4.620127	0.600000	13.000000	222.580000	-162.210393	-85.000000	
5.427660	0.600000	13.000000	233.300000	-165.040000	-79.586452	
4.878888	0.600000	13.000000	246.300000	-160.480000	-83.069494	
4.887315	0.600000	13.000000	252.800000	-189.780000	-84.281861	
6.617012	0.600000	13.000000	269.700000	-202.673671	-65.000000	
5.888571	0.600000	13.000000	261.712720	-192.380000	-65.000000	
5.133248	0.600000	13.000000	244.680000	-198.246522	-65.000000	
6.128123	0.600000	13.000000	238.500000	-166.340000	-61.492188	
4.497412	0.600000	13.000000	232.330000	-175.130000	-58.273474	
5.585808	0.600000	13.000000	222.260000	-165.037319	-55.000000	
6.573733	0.600000	13.000000	254.100000	-125.003183	-46.000000	
5.599476	0.600000	13.000000	265.800000	-144.210000	-47.548249	
5.378441	0.600000	13.000000	193.010000	-181.970000	-38.842844	
4.934958	0.600000	13.000000	190.185828	-122.720000	-34.000000	
4.874176	0.600000	13.000000	239.152237	-112.300000	-38.000000	
5.590166	0.600000	13.000000	208.610000	-177.050890	-47.000000	
5.039757	0.600000	13.000000	213.160000	-166.672804	-47.000000	
5.433461	0.600000	13.000000	204.710000	-175.501672	-33.000000	
4.975916	0.600000	13.000000	205.360000	-165.040000	-33.034359	
4.609160	0.600000	13.000000	216.080000	-169.270000	-35.581416	
4.800176	0.600000	13.000000	175.790000	-125.254177	-49.000000	
4.578884	0.600000	13.000000	195.940000	-129.230000	-46.662213	
5.247144	0.600000	13.000000	179.360000	-135.420000	-45.708310	
4.501788	0.600000	13.000000	230.834414	-172.850000	-49.000000	
5.554613	0.600000	13.000000	197.890000	-143.186244	-42.000000	
5.084476	0.600000	13.000000	216.080000	-147.790000	-43.084997	
5.820890	0.600000	13.000000	245.000000	-200.520000	-38.955467	
5.144106	0.600000	13.000000	243.071364	-164.710000	-94.000000	
5.270615	0.600000	13.000000	238.441693	-153.970000	-94.000000	
4.538036	0.600000	13.000000	241.446107	-140.950000	-94.000000	
5.670241	0.600000	13.000000	208.280000	-208.010000	-98.314260	
6.798393	0.600000	13.000000	194.640000	-134.022810	-68.000000	
4.635045	0.600000	13.000000	230.395142	-182.620000	-24.000000	
5.596954	0.600000	13.000000	217.060000	-182.290000	-39.292447	
5.522494	0.600000	13.000000	227.780000	-177.170311	-35.000000	
5.423351	0.600000	13.000000	219.980000	-153.970000	-57.374814	
5.591302	0.600000	13.000000	238.500000	-206.303015	-38.000000	
4.514048	0.600000	13.000000	271.320000	-159.510000	-39.485649	
6.627011	0.600000	13.000000	276.520000	-146.115111	-38.000000	
4.599926	0.600000	13.000000	262.550000	-155.549613	-38.000000	
5.181533	0.600000	13.000000	205.474884	-125.980000	-34.000000	
4.744013	0.600000	13.000000	195.940000	-192.847305	-73.000000	
5.439952	0.600000	13.000000	272.882767	-141.280000	-65.000000	
5.481632	0.600000	13.000000	247.600000	-209.960000	-65.396530	
5.974716	0.600000	13.000000	227.719029	-128.260000	-52.000000	
4.494573	0.600000	13.000000	200.800533	-169.600000	-42.000000	
4.775321	0.600000	13.000000	194.721431	-190.430000	-56.000000	
5.899085	0.600000	13.000000	225.167432	-139.000000	-71.000000	
6.775933	0.600000	13.000000	135.820000	-92.120000	-82.000388	
4.985706	0.600000	13.000000	190.740000	-159.270844	-26.000000	
4.593500	0.600000	13.000000	208.890377	-157.550000	-28.000000	
5.893205	0.600000	13.000000	219.010000	-187.170000	-9.371005	
4.871787	0.600000	13.000000	226.800000	-190.100000	-35.267815	
4.452013	0.600000	13.000000	229.730000	-191.398792	-33.000000	
4.829794	0.600000	13.000000	226.800000	-192.380000	-36.454711	
6.193472	0.600000	13.000000	225.180000	-156.580000	-47.284277	
4.622533	0.600000	13.000000	262.339326	-135.090000	-42.000000	
5.566706	0.600000	13.000000	211.400000	-156.350000	3.457065	
5.116829	0.600000	13.000000	237.390000	-197.378298	-13.000000	
5.162807	0.600000	13.000000	203.920000	-135.510000	-28.395463	
5.169474	0.600000	13.000000	222.770000	-157.650000	2.437161	
4.444222	0.600000	13.000000	206.850000	-165.612355	-95.000000	
