4.870065	0.400000	12.000000	172.220000	-144.210000	-1.000000	
6.116479	0.400000	12.000000	165.720000	-136.070000	-4.000000	
7.312636	0.400000	12.000000	155.320000	-144.210000	-4.000000	
6.755768	0.400000	12.000000	181.310000	-173.500000	-6.000000	
7.225418	0.400000	12.000000	184.890000	-177.730000	-6.000000	
8.091302	0.400000	12.000000	146.550000	-124.020000	-10.000000	
6.461425	0.400000	12.000000	147.200000	-134.110000	-10.000000	
7.647056	0.400000	12.000000	138.100000	-116.540000	-11.000000	
5.164107	0.400000	12.000000	130.620000	-129.880000	-11.000000	
7.662461	0.400000	12.000000	195.290000	-199.870000	-10.000000	
5.883661	0.400000	12.000000	200.810000	-196.610000	-10.000000	
7.024105	0.400000	12.000000	206.010000	-202.800000	-10.000000	
6.150416	0.400000	12.000000	205.360000	-193.030000	-10.000000	
5.815227	0.400000	12.000000	217.380000	-143.550000	-10.000000	
6.274569	0.400000	12.000000	184.240000	-135.420000	-10.000000	
7.009319	0.400000	12.000000	175.140000	-137.040000	-10.000000	
7.634200	0.400000	12.000000	172.220000	-123.370000	-10.000000	
6.919453	0.400000	12.000000	176.760000	-119.790000	-10.000000	
5.275537	0.400000	12.000000	145.900000	-156.900000	-15.000000	
5.339610	0.400000	12.000000	135.820000	-152.340000	-15.000000	
5.347275	0.400000	12.000000	145.900000	-149.090000	-15.000000	
7.437991	0.400000	12.000000	141.020000	-142.900000	-15.000000	
7.725611	0.400000	12.000000	128.020000	-138.020000	-16.000000	
4.863702	0.400000	12.000000	119.250000	-135.740000	-16.000000	
5.943298	0.400000	12.000000	162.140000	-176.110000	-15.000000	
4.632935	0.400000	12.000000	161.820000	-166.670000	-15.000000	
7.215482	0.400000	12.000000	157.590000	-121.740000	-15.000000	
7.265647	0.400000	12.000000	153.690000	-135.740000	-15.000000	
7.146661	0.400000	12.000000	204.380000	-179.360000	-18.000000	
5.188141	0.400000	12.000000	253.120000	-167.970000	-22.000000	
7.714083	0.400000	12.000000	246.300000	-158.200000	-22.000000	
4.600419	0.400000	12.000000	249.230000	-149.410000	-22.000000	
7.382279	0.400000	12.000000	239.480000	-143.880000	-25.000000	
7.621689	0.400000	12.000000	247.600000	-135.090000	-25.000000	
7.166631	0.400000	12.000000	242.730000	-126.630000	-25.000000	
7.195933	0.400000	12.000000	239.480000	-136.070000	-23.000000	
6.498338	0.400000	12.000000	264.820000	-177.080000	-29.000000	
6.179940	0.400000	12.000000	264.820000	-166.670000	-29.000000	
4.755643	0.400000	12.000000	257.670000	-155.600000	-29.000000	
6.112034	0.400000	12.000000	262.550000	-184.570000	-29.000000	
5.525476	0.400000	12.000000	263.200000	-188.800000	-29.000000	
5.436533	0.400000	12.000000	243.700000	-218.100000	-31.000000	
6.855809	0.400000	12.000000	232.000000	-224.280000	-31.000000	
6.147924	0.400000	12.000000	210.880000	-229.490000	-31.000000	
7.404428	0.400000	12.000000	207.310000	-219.730000	-31.000000	
5.975365	0.400000	12.000000	215.110000	-216.150000	-31.000000	
7.274009	0.400000	12.000000	214.780000	-206.380000	-31.000000	
7.118513	0.400000	12.000000	219.660000	-213.540000	-31.000000	
7.906148	0.400000	12.000000	225.830000	-210.610000	-31.000000	
4.713053	0.400000	12.000000	220.310000	-201.500000	-31.000000	
6.843697	0.400000	12.000000	204.710000	-133.460000	-6.000000	
7.165237	0.400000	12.000000	221.930000	-210.610000	-18.000000	
7.205876	0.400000	12.000000	218.030000	-198.570000	-18.000000	
4.543576	0.400000	12.000000	191.390000	-197.590000	-18.000000	
7.606440	0.400000	12.000000	193.340000	-202.800000	-18.000000	
5.678340	0.400000	12.000000	183.260000	-197.920000	-18.000000	
6.836046	0.400000	12.000000	177.740000	-135.420000	-24.000000	
5.145426	0.400000	12.000000	184.560000	-141.600000	-24.000000	
8.136210	0.400000	12.000000	131.920000	-110.030000	-28.000000	
6.692029	0.400000	12.000000	196.910000	-208.660000	-28.000000	
5.512249	0.400000	12.000000	197.560000	-195.640000	-28.000000	
7.450903	0.400000	12.000000	236.880000	-173.180000	-28.000000	
5.940425	0.400000	12.000000	236.880000	-165.360000	-28.000000	
5.191676	0.400000	12.000000	225.180000	-164.390000	-28.000000	
6.571843	0.400000	12.000000	126.400000	-111.330000	-40.000000	
7.597090	0.400000	12.000000	173.190000	-101.890000	-40.000000	
5.165993	0.400000	12.000000	193.340000	-86.910000	-40.000000	
5.222874	0.400000	12.000000	193.660000	-94.730000	-40.000000	
6.750421	0.400000	12.000000	212.180000	-98.310000	-40.000000	
6.623859	0.400000	12.000000	228.750000	-166.020000	-39.000000	
7.424019	0.400000	12.000000	236.550000	-165.360000	-39.000000	
7.331424	0.400000	12.000000	241.750000	-180.660000	-39.000000	
5.302429	0.400000	12.000000	244.680000	-175.130000	-39.000000	
5.794951	0.400000	12.000000	254.100000	-174.480000	-39.000000	
6.245915	0.400000	12.000000	251.500000	-166.670000	-39.000000	
6.442230	0.400000	12.000000	242.080000	-156.900000	-39.000000	
5.671232	0.400000	12.000000	150.120000	-110.350000	-41.000000	
6.447347	0.400000	12.000000	204.380000	-223.310000	-31.000000	
4.874670	0.400000	12.000000	118.280000	-161.780000	-32.000000	
4.667623	0.400000	12.000000	125.420000	-159.180000	-32.000000	
8.193099	0.400000	12.000000	114.380000	-145.830000	-32.000000	
5.961171	0.400000	12.000000	122.830000	-144.530000	-32.000000	
6.025465	0.400000	12.000000	122.830000	-130.860000	-32.000000	
5.944330	0.400000	12.000000	131.600000	-145.180000	-31.000000	
6.484281	0.400000	12.000000	141.350000	-111.000000	-31.000000	
6.557973	0.400000	12.000000	156.940000	-131.840000	-31.000000	
5.726905	0.400000	12.000000	164.090000	-128.580000	-31.000000	
5.777071	0.400000	12.000000	203.730000	-105.470000	-34.000000	
5.554265	0.400000	12.000000	211.530000	-112.960000	-34.000000	
5.716526	0.400000	12.000000	201.460000	-96.680000	-36.000000	
7.197547	0.400000	12.000000	224.860000	-127.600000	-38.000000	
7.022385	0.400000	12.000000	233.300000	-131.180000	-38.000000	
5.809856	0.400000	12.000000	242.730000	-120.120000	-38.000000	
5.933153	0.400000	12.000000	229.080000	-107.420000	-38.000000	
7.221712	0.400000	12.000000	273.600000	-168.290000	-51.000000	
5.705935	0.400000	12.000000	278.140000	-160.160000	-52.000000	
8.135910	0.400000	12.000000	277.170000	-194.010000	-52.000000	
6.980628	0.400000	12.000000	263.200000	-199.870000	-52.000000	
4.777908	0.400000	12.000000	259.620000	-202.470000	-52.000000	
7.007692	0.400000	12.000000	261.250000	-207.360000	-52.000000	
6.417964	0.400000	12.000000	185.540000	-223.630000	-55.000000	
6.352532	0.400000	12.000000	153.370000	-178.060000	-70.000000	
4.863332	0.400000	12.000000	157.270000	-185.870000	-70.000000	
6.014008	0.400000	12.000000	148.820000	-204.100000	-81.000000	
7.470322	0.400000	12.000000	154.990000	-212.890000	-81.000000	
5.316499	0.400000	12.000000	157.590000	-200.520000	-81.000000	
8.013485	0.400000	12.000000	177.090000	-219.730000	-81.000000	
6.510320	0.400000	12.000000	253.450000	-207.680000	-80.000000	
6.401396	0.400000	12.000000	196.260000	-229.820000	-74.000000	
6.713603	0.400000	12.000000	197.890000	-218.100000	-74.000000	
8.034534	0.400000	12.000000	165.070000	-217.450000	-74.000000	
4.965544	0.400000	12.000000	183.260000	-118.160000	-73.000000	
6.919310	0.400000	12.000000	182.610000	-110.030000	-73.000000	
6.783081	0.400000	12.000000	193.010000	-115.560000	-73.000000	
5.643885	0.400000	12.000000	201.780000	-113.280000	-73.000000	
7.353230	0.400000	12.000000	171.890000	-187.830000	-27.000000	
6.713619	0.400000	12.000000	187.490000	-181.970000	-27.000000	
7.317502	0.400000	12.000000	182.290000	-175.130000	-27.000000	
7.301857	0.400000	12.000000	190.090000	-154.300000	-31.000000	
6.000822	0.400000	12.000000	199.510000	-149.090000	-31.000000	
5.824012	0.400000	12.000000	252.470000	-171.880000	-31.000000	
5.756238	0.400000	12.000000	248.580000	-163.740000	-31.000000	
5.870782	0.400000	12.000000	242.730000	-160.810000	-31.000000	
8.073126	0.400000	12.000000	247.600000	-149.740000	-31.000000	
5.832080	0.400000	12.000000	138.100000	-130.530000	-18.000000	
7.820240	0.400000	12.000000	127.370000	-121.740000	-18.000000	
6.906822	0.400000	12.000000	123.150000	-146.160000	-22.000000	
4.554351	0.400000	12.000000	129.320000	-161.780000	-24.000000	
4.627649	0.400000	12.000000	142.970000	-133.460000	-34.000000	
6.938696	0.400000	12.000000	137.770000	-148.760000	-34.000000	
6.417372	0.400000	12.000000	140.370000	-122.070000	-34.000000	
8.081937	0.400000	12.000000	191.390000	-132.490000	-38.000000	
6.071331	0.400000	12.000000	207.310000	-227.210000	-72.000000	
4.829951	0.400000	12.000000	221.930000	-219.080000	-72.000000	
6.428981	0.400000	12.000000	232.980000	-217.450000	-72.000000	
6.835638	0.400000	12.000000	227.450000	-228.840000	-72.000000	
7.194605	0.400000	12.000000	208.930000	-214.840000	-72.000000	
7.783042	0.400000	12.000000	182.940000	-214.520000	-72.000000	
7.544736	0.400000	12.000000	250.520000	-152.990000	-87.000000	
7.253263	0.400000	12.000000	266.450000	-150.720000	-87.000000	
5.935122	0.400000	12.000000	267.750000	-163.410000	-87.000000	
7.783095	0.400000	12.000000	251.820000	-168.620000	-87.000000	
7.087671	0.400000	12.000000	202.760000	-202.150000	-84.000000	
6.341958	0.400000	12.000000	183.590000	-201.820000	-84.000000	
5.966960	0.400000	12.000000	202.110000	-220.380000	-84.000000	
5.762992	0.400000	12.000000	210.230000	-217.120000	-84.000000	
7.523730	0.400000	12.000000	231.680000	-121.420000	-70.000000	
7.391677	0.400000	12.000000	240.130000	-141.600000	-70.000000	
6.123961	0.400000	12.000000	164.090000	-127.280000	-67.000000	
5.736658	0.400000	12.000000	154.340000	-132.160000	-67.000000	
6.198129	0.400000	12.000000	167.990000	-109.700000	-67.000000	
6.302111	0.400000	12.000000	163.440000	-106.120000	-67.000000	
4.626152	0.400000	12.000000	136.150000	-114.580000	-67.000000	
6.328660	0.400000	12.000000	181.310000	-171.880000	-48.000000	
8.156291	0.400000	12.000000	173.840000	-158.200000	-48.000000	
4.976016	0.400000	12.000000	189.440000	-144.210000	-50.000000	
5.956274	0.400000	12.000000	245.650000	-151.370000	-42.000000	
7.360942	0.400000	12.000000	254.100000	-154.950000	-42.000000	
7.727279	0.400000	12.000000	270.350000	-169.920000	-42.000000	
5.520330	0.400000	12.000000	270.350000	-180.660000	-42.000000	
5.420481	0.400000	12.000000	210.880000	-200.200000	-44.000000	
5.972767	0.400000	12.000000	200.480000	-202.150000	-44.000000	
7.696814	0.400000	12.000000	208.610000	-205.400000	-44.000000	
7.600093	0.400000	12.000000	197.890000	-220.700000	-44.000000	
8.057876	0.400000	12.000000	218.680000	-235.350000	-37.000000	
6.258975	0.400000	12.000000	195.290000	-212.240000	-37.000000	
5.641521	0.400000	12.000000	117.300000	-139.000000	-27.000000	
7.892225	0.400000	12.000000	128.020000	-137.040000	-27.000000	
5.271966	0.400000	12.000000	134.850000	-127.280000	-27.000000	
6.806022	0.400000	12.000000	128.670000	-118.820000	-27.000000	
7.409488	0.400000	12.000000	153.370000	-114.910000	-27.000000	
6.833899	0.400000	12.000000	239.150000	-171.550000	-17.000000	
6.506220	0.400000	12.000000	236.550000	-180.340000	-17.000000	
6.237339	0.400000	12.000000	157.920000	-132.490000	-52.000000	
7.494354	0.400000	12.000000	167.020000	-139.000000	-52.000000	
7.871800	0.400000	12.000000	144.920000	-140.950000	-52.000000	
5.091788	0.400000	12.000000	144.270000	-131.510000	-52.000000	
6.881069	0.400000	12.000000	127.050000	-132.160000	-52.000000	
7.427352	0.400000	12.000000	141.020000	-100.910000	-52.000000	
7.575405	0.400000	12.000000	171.240000	-92.450000	-52.000000	
6.182076	0.400000	12.000000	253.120000	-192.710000	-49.000000	
7.700985	0.400000	12.000000	249.230000	-186.850000	-49.000000	
7.451717	0.400000	12.000000	177.410000	-153.970000	-64.000000	
6.264129	0.400000	12.000000	168.970000	-169.600000	-64.000000	
6.338454	0.400000	12.000000	179.360000	-179.360000	-64.000000	
6.045554	0.400000	12.000000	191.060000	-174.480000	-64.000000	
6.799386	0.400000	12.000000	196.590000	-158.530000	-64.000000	
6.229687	0.400000	12.000000	187.160000	-150.390000	-64.000000	
6.517110	0.400000	12.000000	214.780000	-140.630000	-64.000000	
6.167263	0.400000	12.000000	193.660000	-121.740000	-64.000000	
6.189354	0.400000	12.000000	214.130000	-116.210000	-64.000000	
5.732583	0.400000	12.000000	189.760000	-113.930000	-64.000000	
7.802787	0.400000	12.000000	130.620000	-151.040000	-68.000000	
5.394519	0.400000	12.000000	250.520000	-152.020000	-64.000000	
5.361693	0.400000	12.000000	254.100000	-158.200000	-64.000000	
8.043436	0.400000	12.000000	252.470000	-172.850000	-64.000000	
7.665542	0.400000	12.000000	256.700000	-144.860000	-64.000000	
7.595246	0.400000	12.000000	249.230000	-129.560000	-64.000000	
6.290500	0.400000	12.000000	248.900000	-119.790000	-64.000000	
6.491432	0.400000	12.000000	206.010000	-96.030000	-64.000000	
6.761868	0.400000	12.000000	197.560000	-95.700000	-64.000000	
4.970296	0.400000	12.000000	240.130000	-226.560000	-64.000000	
5.256096	0.400000	12.000000	156.620000	-170.250000	-15.000000	
5.970349	0.400000	12.000000	220.310000	-224.610000	-26.000000	
7.829235	0.400000	12.000000	141.670000	-120.120000	-22.000000	
6.513636	0.400000	12.000000	143.300000	-113.930000	-22.000000	
5.835398	0.400000	12.000000	117.630000	-158.200000	-36.000000	
7.450193	0.400000	12.000000	119.250000	-159.830000	-36.000000	
7.708959	0.400000	12.000000	153.370000	-124.020000	-38.000000	
6.081894	0.400000	12.000000	155.320000	-115.230000	-38.000000	
4.512549	0.400000	12.000000	164.090000	-117.840000	-38.000000	
5.319343	0.400000	12.000000	171.570000	-115.560000	-38.000000	
4.975160	0.400000	12.000000	174.490000	-130.210000	-38.000000	
5.883016	0.400000	12.000000	178.710000	-176.110000	-35.000000	
7.168777	0.400000	12.000000	167.990000	-170.570000	-35.000000	
6.194405	0.400000	12.000000	166.040000	-165.040000	-35.000000	
7.702931	0.400000	12.000000	172.220000	-154.300000	-35.000000	
5.014898	0.400000	12.000000	180.340000	-147.460000	-35.000000	
5.038510	0.400000	12.000000	185.210000	-142.900000	-35.000000	
6.507496	0.400000	12.000000	177.740000	-121.090000	-35.000000	
6.198050	0.400000	12.000000	239.480000	-141.280000	-35.000000	
6.528543	0.400000	12.000000	234.930000	-149.740000	-35.000000	
6.089868	0.400000	12.000000	256.050000	-166.340000	-74.000000	
5.976868	0.400000	12.000000	269.050000	-165.360000	-74.000000	
7.110456	0.400000	12.000000	273.270000	-159.180000	-74.000000	
4.832404	0.400000	12.000000	245.330000	-190.100000	-74.000000	
6.993068	0.400000	12.000000	265.150000	-196.940000	-74.000000	
6.523659	0.400000	12.000000	210.230000	-137.040000	-74.000000	
6.581787	0.400000	12.000000	209.260000	-122.070000	-74.000000	
8.203615	0.400000	12.000000	215.110000	-118.820000	-74.000000	
7.153293	0.400000	12.000000	228.430000	-130.210000	-74.000000	
7.662299	0.400000	12.000000	147.850000	-115.560000	-74.000000	
4.968505	0.400000	12.000000	230.380000	-178.710000	-104.000000	
5.273118	0.400000	12.000000	174.490000	-133.140000	-91.000000	
6.791261	0.400000	12.000000	170.920000	-141.930000	-91.000000	
7.288320	0.400000	12.000000	197.560000	-98.310000	-84.000000	
7.306313	0.400000	12.000000	205.030000	-112.630000	-84.000000	
6.416416	0.400000	12.000000	151.090000	-111.650000	-84.000000	
8.098784	0.400000	12.000000	144.600000	-119.140000	-84.000000	
5.703816	0.400000	12.000000	188.460000	-191.080000	-73.000000	
6.463498	0.400000	12.000000	181.310000	-176.760000	-73.000000	
6.290368	0.400000	12.000000	179.690000	-162.760000	-73.000000	
5.382055	0.400000	12.000000	210.560000	-169.600000	-73.000000	
5.865960	0.400000	12.000000	213.160000	-186.520000	-73.000000	
7.756551	0.400000	12.000000	264.500000	-215.820000	-58.000000	
7.723211	0.400000	12.000000	157.270000	-101.890000	-58.000000	
5.935641	0.400000	12.000000	179.690000	-93.750000	-58.000000	
6.769458	0.400000	12.000000	227.130000	-205.080000	-59.000000	
6.798276	0.400000	12.000000	139.720000	-119.140000	-46.000000	
6.146179	0.400000	12.000000	135.820000	-111.980000	-46.000000	
6.313115	0.400000	12.000000	129.000000	-122.720000	-46.000000	
7.876102	0.400000	12.000000	157.270000	-125.000000	-46.000000	
5.734064	0.400000	12.000000	156.290000	-116.540000	-46.000000	
6.699086	0.400000	12.000000	168.970000	-111.980000	-46.000000	
4.940705	0.400000	12.000000	163.440000	-104.820000	-46.000000	
4.611650	0.400000	12.000000	227.780000	-149.740000	-45.000000	
6.059701	0.400000	12.000000	206.010000	-130.210000	-46.000000	
7.136270	0.400000	12.000000	213.160000	-122.720000	-46.000000	
7.057179	0.400000	12.000000	210.880000	-112.300000	-46.000000	
7.033769	0.400000	12.000000	185.540000	-123.050000	-46.000000	
7.661351	0.400000	12.000000	230.380000	-101.240000	-46.000000	
6.785094	0.400000	12.000000	120.880000	-141.280000	-41.000000	
7.995136	0.400000	12.000000	160.840000	-208.660000	-29.000000	
5.460699	0.400000	12.000000	169.620000	-203.780000	-29.000000	
5.256166	0.400000	12.000000	200.480000	-226.890000	-66.000000	
4.821752	0.400000	12.000000	189.440000	-225.260000	-66.000000	
5.359150	0.400000	12.000000	194.310000	-207.680000	-66.000000	
4.964827	0.400000	12.000000	149.150000	-114.910000	-62.000000	
5.557489	0.400000	12.000000	147.200000	-108.400000	-62.000000	
7.515626	0.400000	12.000000	274.890000	-155.920000	-61.000000	
7.376988	0.400000	12.000000	206.980000	-189.780000	-51.000000	
7.016414	0.400000	12.000000	220.960000	-200.850000	-51.000000	
4.848991	0.400000	12.000000	220.310000	-190.430000	-51.000000	
5.320565	0.400000	12.000000	220.960000	-213.540000	-51.000000	
6.335590	0.400000	12.000000	205.360000	-217.770000	-51.000000	
5.311687	0.400000	12.000000	201.130000	-232.100000	-51.000000	
4.824832	0.400000	12.000000	221.610000	-225.590000	-51.000000	
8.052091	0.400000	12.000000	224.860000	-220.050000	-51.000000	
6.990414	0.400000	12.000000	258.650000	-177.080000	-51.000000	
6.144429	0.400000	12.000000	245.650000	-162.430000	-51.000000	
7.567006	0.400000	12.000000	238.830000	-153.320000	-51.000000	
6.033126	0.400000	12.000000	242.730000	-180.660000	-51.000000	
5.831838	0.400000	12.000000	236.880000	-182.290000	-51.000000	
4.903185	0.400000	12.000000	191.060000	-177.080000	-51.000000	
6.797268	0.400000	12.000000	189.440000	-156.580000	-51.000000	
7.319857	0.400000	12.000000	159.540000	-177.410000	-51.000000	
6.204869	0.400000	12.000000	156.290000	-191.080000	-51.000000	
7.825861	0.400000	12.000000	167.670000	-165.040000	-55.000000	
6.770080	0.400000	12.000000	211.210000	-146.810000	-55.000000	
6.448516	0.400000	12.000000	207.960000	-134.110000	-55.000000	
6.302845	0.400000	12.000000	189.760000	-115.230000	-55.000000	
6.559882	0.400000	12.000000	163.440000	-123.370000	-55.000000	
6.557557	0.400000	12.000000	151.090000	-119.140000	-55.000000	
6.778791	0.400000	12.000000	128.670000	-117.840000	-55.000000	
7.586889	0.400000	12.000000	122.180000	-113.280000	-55.000000	
6.130735	0.400000	12.000000	219.660000	-179.040000	-15.000000	
7.208594	0.400000	12.000000	220.630000	-178.390000	-15.000000	
6.137437	0.400000	12.000000	199.840000	-111.330000	-51.000000	
6.138113	0.400000	12.000000	239.340000	-133.560000	-45.000000	
6.781406	0.400000	12.000000	206.520000	-155.700000	-45.000000	
5.900922	0.400000	12.000000	214.320000	-161.230000	-27.000000	
4.788857	0.400000	12.000000	175.980000	-183.040000	-4.000000	
7.157380	0.400000	12.000000	171.100000	-171.320000	-4.000000	
7.867434	0.400000	12.000000	178.580000	-150.810000	-4.000000	
6.313439	0.400000	12.000000	210.100000	-184.020000	1.000000	
6.112998	0.400000	12.000000	227.320000	-200.620000	-8.000000	
5.475686	0.400000	12.000000	166.230000	-143.650000	-26.000000	
4.983651	0.400000	12.000000	167.530000	-192.810000	-2.000000	
4.856791	0.400000	12.000000	264.690000	-130.960000	-51.000000	
6.418753	0.400000	12.000000	195.470000	-143.980000	-91.000000	
6.295672	0.400000	12.000000	220.490000	-197.360000	-85.000000	
6.066715	0.400000	12.000000	220.820000	-189.880000	-85.000000	
6.074996	0.400000	12.000000	230.890000	-192.150000	-85.000000	
7.467765	0.400000	12.000000	232.190000	-201.270000	-85.000000	
5.841675	0.400000	12.000000	244.210000	-127.700000	-85.000000	
7.836546	0.400000	12.000000	248.440000	-139.420000	-63.000000	
8.013229	0.400000	12.000000	237.720000	-129.330000	-63.000000	
5.829819	0.400000	12.000000	181.500000	-189.550000	-58.000000	
5.480020	1.000000	11.000000	198.210000	-185.870000	-6.000000	
6.096271	1.000000	11.000000	166.040000	-155.270000	-8.000000	
5.045088	1.000000	11.000000	185.210000	-153.650000	-12.000000	
6.500640	1.000000	11.000000	193.340000	-158.200000	-12.000000	
5.113935	1.000000	11.000000	198.210000	-148.760000	-13.000000	
5.617649	1.000000	11.000000	205.360000	-140.630000	-16.000000	
5.394463	1.000000	11.000000	191.060000	-111.000000	-16.000000	
4.850576	1.000000	11.000000	180.660000	-185.550000	-16.000000	
5.654430	1.000000	11.000000	191.710000	-188.480000	-15.000000	
4.508747	1.000000	11.000000	220.310000	-222.010000	-16.000000	
5.645297	1.000000	11.000000	206.330000	-209.960000	-16.000000	
5.490180	1.000000	11.000000	222.910000	-167.970000	-16.000000	
4.690246	1.000000	11.000000	231.350000	-157.230000	-20.000000	
4.548558	1.000000	11.000000	223.560000	-150.390000	-20.000000	
5.767995	1.000000	11.000000	227.450000	-139.320000	-20.000000	
4.853196	1.000000	11.000000	164.090000	-117.510000	-23.000000	
6.021101	1.000000	11.000000	147.850000	-165.040000	-23.000000	
5.829182	1.000000	11.000000	129.000000	-153.970000	-23.000000	
4.783452	1.000000	11.000000	184.240000	-207.360000	-26.000000	
5.018991	1.000000	11.000000	183.910000	-201.170000	-26.000000	
4.700841	1.000000	11.000000	243.700000	-179.690000	-27.000000	
4.473391	1.000000	11.000000	249.230000	-190.430000	-27.000000	
5.261368	1.000000	11.000000	236.880000	-196.610000	-30.000000	
4.465784	1.000000	11.000000	233.630000	-200.850000	-30.000000	
4.784449	1.000000	11.000000	162.470000	-107.420000	-31.000000	
6.450075	1.000000	11.000000	178.390000	-111.980000	-31.000000	
5.214097	1.000000	11.000000	182.940000	-101.560000	-31.000000	
4.933516	1.000000	11.000000	195.610000	-100.590000	-31.000000	
4.930732	1.000000	11.000000	210.560000	-119.470000	-32.000000	
6.704703	1.000000	11.000000	225.180000	-117.190000	-32.000000	
5.761669	1.000000	11.000000	220.960000	-109.050000	-32.000000	
4.398395	1.000000	11.000000	175.140000	-195.640000	-34.000000	
5.683371	1.000000	11.000000	183.910000	-190.430000	-34.000000	
5.262575	1.000000	11.000000	169.620000	-182.620000	-34.000000	
4.529902	1.000000	11.000000	229.400000	-215.170000	-34.000000	
5.840148	1.000000	11.000000	218.360000	-134.770000	-37.000000	
5.016992	1.000000	11.000000	233.300000	-121.090000	-37.000000	
5.810409	1.000000	11.000000	133.550000	-123.700000	-37.000000	
6.783900	1.000000	11.000000	169.290000	-109.050000	-37.000000	
5.314629	1.000000	11.000000	128.350000	-161.460000	-37.000000	
5.280252	1.000000	11.000000	164.740000	-212.240000	-37.000000	
6.145636	1.000000	11.000000	254.100000	-144.860000	-40.000000	
5.258683	1.000000	11.000000	249.880000	-130.530000	-40.000000	
4.982102	1.000000	11.000000	180.010000	-152.020000	-22.000000	
5.846403	1.000000	11.000000	160.840000	-160.480000	-24.000000	
6.218455	1.000000	11.000000	158.890000	-141.930000	-25.000000	
4.333563	1.000000	11.000000	205.680000	-202.800000	-25.000000	
6.132929	1.000000	11.000000	202.430000	-208.980000	-25.000000	
4.720552	1.000000	11.000000	196.260000	-175.130000	-26.000000	
4.765632	1.000000	11.000000	149.800000	-153.650000	-28.000000	
5.902399	1.000000	11.000000	227.780000	-151.370000	-28.000000	
4.384167	1.000000	11.000000	206.980000	-149.410000	-31.000000	
5.462000	1.000000	11.000000	181.310000	-205.400000	-34.000000	
4.521272	1.000000	11.000000	164.740000	-178.710000	0.000000	
5.819898	1.000000	11.000000	223.230000	-135.420000	-28.000000	
5.166108	1.000000	11.000000	249.230000	-190.430000	-39.000000	
5.095746	1.000000	11.000000	192.040000	-223.630000	-54.000000	
5.329729	1.000000	11.000000	188.460000	-218.420000	-54.000000	
6.579726	1.000000	11.000000	179.690000	-211.910000	-54.000000	
6.427518	1.000000	11.000000	173.520000	-211.910000	-54.000000	
5.687329	1.000000	11.000000	161.170000	-205.730000	-66.000000	
5.052894	1.000000	11.000000	151.090000	-197.920000	-66.000000	
5.048769	1.000000	11.000000	137.770000	-194.990000	-66.000000	
4.424829	1.000000	11.000000	160.190000	-192.710000	-66.000000	
4.604046	1.000000	11.000000	135.820000	-189.450000	-66.000000	
4.708198	1.000000	11.000000	131.600000	-196.940000	-66.000000	
4.854526	1.000000	11.000000	138.100000	-135.090000	-80.000000	
5.258734	1.000000	11.000000	150.440000	-127.280000	-80.000000	
4.807779	1.000000	11.000000	226.150000	-229.820000	-80.000000	
4.624277	1.000000	11.000000	159.870000	-152.340000	-26.000000	
5.822408	1.000000	11.000000	154.340000	-147.460000	-26.000000	
5.376415	1.000000	11.000000	177.410000	-123.700000	-25.000000	
6.047992	1.000000	11.000000	188.790000	-126.300000	-26.000000	
5.903298	1.000000	11.000000	185.860000	-134.110000	-26.000000	
5.308613	1.000000	11.000000	183.260000	-191.080000	-26.000000	
5.305778	1.000000	11.000000	152.720000	-142.900000	-35.000000	
5.322558	1.000000	11.000000	180.660000	-137.040000	-40.000000	
6.246511	1.000000	11.000000	170.590000	-146.480000	-51.000000	
4.804231	1.000000	11.000000	125.750000	-144.860000	-50.000000	
5.729129	1.000000	11.000000	147.850000	-150.070000	-50.000000	
5.762710	1.000000	11.000000	134.520000	-126.630000	-50.000000	
5.871824	1.000000	11.000000	176.110000	-108.070000	-50.000000	
4.888997	1.000000	11.000000	187.490000	-106.120000	-50.000000	
5.329101	1.000000	11.000000	200.810000	-97.330000	-50.000000	
6.596560	1.000000	11.000000	216.730000	-109.380000	-50.000000	
5.133308	1.000000	11.000000	225.830000	-111.980000	-50.000000	
5.591936	1.000000	11.000000	220.630000	-117.510000	-50.000000	
4.788540	1.000000	11.000000	178.060000	-222.980000	-71.000000	
5.189494	1.000000	11.000000	171.890000	-208.010000	-71.000000	
5.649629	1.000000	11.000000	159.220000	-126.630000	-86.000000	
5.384468	1.000000	11.000000	176.110000	-121.740000	-86.000000	
5.108912	1.000000	11.000000	213.160000	-158.200000	-99.000000	
5.791681	1.000000	11.000000	207.960000	-147.790000	-99.000000	
5.117603	1.000000	11.000000	218.030000	-166.340000	-99.000000	
5.546642	1.000000	11.000000	167.020000	-160.160000	-96.000000	
5.398177	1.000000	11.000000	166.040000	-154.300000	-79.000000	
4.715048	1.000000	11.000000	171.890000	-162.430000	-79.000000	
4.734241	1.000000	11.000000	124.450000	-153.650000	-61.000000	
5.155017	1.000000	11.000000	123.800000	-143.230000	-61.000000	
5.475266	1.000000	11.000000	132.250000	-135.740000	-61.000000	
5.130225	1.000000	11.000000	137.770000	-126.300000	-61.000000	
4.640381	1.000000	11.000000	157.590000	-157.550000	-61.000000	
5.744264	1.000000	11.000000	248.900000	-187.170000	-17.000000	
6.372470	1.000000	11.000000	248.250000	-180.340000	-17.000000	
6.657240	1.000000	11.000000	233.630000	-197.590000	-49.000000	
5.604151	1.000000	11.000000	240.780000	-223.310000	-49.000000	
5.610742	1.000000	11.000000	241.100000	-213.870000	-49.000000	
4.602597	1.000000	11.000000	235.250000	-152.990000	-19.000000	
4.938282	1.000000	11.000000	182.290000	-174.800000	-19.000000	
5.533761	1.000000	11.000000	225.830000	-162.430000	-19.000000	
6.545789	1.000000	11.000000	144.920000	-155.600000	-36.000000	
5.960304	1.000000	11.000000	143.620000	-163.090000	-36.000000	
5.284914	1.000000	11.000000	136.470000	-160.810000	-36.000000	
4.338393	1.000000	11.000000	178.710000	-114.580000	-81.000000	
5.491821	1.000000	11.000000	182.940000	-108.070000	-81.000000	
4.629971	1.000000	11.000000	160.840000	-107.750000	-81.000000	
5.413869	1.000000	11.000000	225.830000	-180.990000	-58.000000	
5.037023	1.000000	11.000000	209.580000	-178.060000	-58.000000	
5.629460	1.000000	11.000000	221.280000	-165.690000	-58.000000	
5.568816	1.000000	11.000000	163.440000	-209.640000	-58.000000	
4.576941	1.000000	11.000000	231.680000	-189.450000	-11.000000	
5.868148	1.000000	11.000000	126.070000	-166.020000	-53.000000	
5.259170	1.000000	11.000000	255.720000	-214.840000	-58.000000	
5.792308	1.000000	11.000000	155.640000	-174.150000	-53.000000	
6.788786	1.000000	11.000000	174.170000	-185.220000	-65.000000	
4.784560	1.000000	11.000000	154.670000	-152.020000	-65.000000	
6.228611	1.000000	11.000000	263.200000	-153.650000	-65.000000	
4.681050	1.000000	11.000000	229.730000	-208.660000	-71.000000	
5.379778	1.000000	11.000000	239.150000	-207.030000	-71.000000	
5.875464	1.000000	11.000000	267.100000	-183.270000	-58.000000	
5.078090	1.000000	11.000000	264.820000	-171.550000	-58.000000	
5.615291	1.000000	11.000000	213.480000	-174.800000	-12.000000	
5.560478	1.000000	11.000000	236.880000	-193.030000	-32.000000	
5.584868	1.000000	11.000000	176.630000	-160.580000	-28.000000	
5.267718	1.000000	11.000000	152.260000	-161.230000	-23.000000	
4.534097	1.000000	11.000000	250.710000	-207.130000	-63.000000	
4.476371	1.000000	11.000000	207.820000	-102.640000	-70.000000	
4.538231	1.000000	11.000000	213.670000	-100.030000	-70.000000	
5.335158	1.000000	11.000000	217.570000	-110.770000	-70.000000	
4.636242	1.000000	11.000000	227.320000	-114.030000	-68.000000	
5.269504	1.000000	11.000000	191.580000	-95.150000	-65.000000	
6.034351	1.000000	11.000000	194.170000	-133.230000	-91.000000	
4.536340	1.000000	11.000000	198.400000	-124.120000	-91.000000	
4.688573	1.000000	11.000000	237.390000	-194.430000	-50.000000	
6.273833	1.000000	11.000000	246.160000	-193.460000	-50.000000	
6.169434	1.000000	11.000000	172.080000	-200.940000	-58.000000	
5.498254	1.000000	11.000000	135.360000	-160.580000	-58.000000	
5.540869	1.000000	11.000000	129.840000	-155.370000	-58.000000	
5.327061	1.000000	11.000000	194.500000	-102.960000	-62.000000	
5.738956	0.600000	13.000000	206.980000	-164.390000	-7.000000	
4.990793	0.600000	13.000000	216.080000	-162.760000	-7.000000	
4.390950	0.600000	13.000000	229.400000	-165.690000	-10.000000	
4.778102	0.600000	13.000000	236.550000	-162.760000	-10.000000	
5.512542	0.600000	13.000000	196.590000	-139.970000	-9.000000	
5.631965	0.600000	13.000000	157.270000	-156.250000	-10.000000	
5.798672	0.600000	13.000000	195.940000	-175.780000	-6.000000	
6.388880	0.600000	13.000000	183.910000	-128.910000	-16.000000	
5.674071	0.600000	13.000000	199.840000	-122.720000	-16.000000	
5.007025	0.600000	13.000000	211.860000	-133.460000	-16.000000	
5.395981	0.600000	13.000000	181.310000	-158.530000	-15.000000	
5.908522	0.600000	13.000000	201.130000	-156.580000	-16.000000	
4.390133	0.600000	13.000000	193.660000	-167.320000	-16.000000	
4.607774	0.600000	13.000000	189.760000	-177.410000	-16.000000	
6.848716	0.600000	13.000000	197.240000	-172.200000	-16.000000	
5.426069	0.600000	13.000000	210.560000	-151.690000	-16.000000	
6.140313	0.600000	13.000000	219.010000	-189.450000	-19.000000	
5.696958	0.600000	13.000000	236.550000	-189.130000	-19.000000	
6.185660	0.600000	13.000000	240.450000	-208.330000	-23.000000	
6.281014	0.600000	13.000000	194.310000	-136.070000	-24.000000	
6.058724	0.600000	13.000000	203.080000	-112.300000	-23.000000	
6.065696	0.600000	13.000000	262.220000	-139.320000	-25.000000	
6.100805	0.600000	13.000000	236.880000	-123.370000	-25.000000	
5.451262	0.600000	13.000000	210.560000	-131.510000	-25.000000	
4.909763	0.600000	13.000000	186.510000	-166.990000	-28.000000	
4.472775	0.600000	13.000000	235.580000	-183.590000	-28.000000	
5.398624	0.600000	13.000000	225.500000	-193.360000	-28.000000	
6.271801	0.600000	13.000000	214.780000	-195.640000	-28.000000	
6.322553	0.600000	13.000000	219.980000	-188.800000	-28.000000	
4.636632	0.600000	13.000000	212.830000	-180.660000	-28.000000	
4.465643	0.600000	13.000000	206.980000	-184.900000	-28.000000	
6.713601	0.600000	13.000000	219.980000	-173.180000	-28.000000	
5.846126	0.600000	13.000000	243.700000	-197.920000	-28.000000	
5.268781	0.600000	13.000000	247.930000	-206.050000	-28.000000	
5.198320	0.600000	13.000000	269.370000	-155.600000	-28.000000	
5.613900	0.600000	13.000000	270.670000	-143.880000	-28.000000	
5.479232	0.600000	13.000000	254.100000	-141.930000	-28.000000	
6.530157	0.600000	13.000000	198.860000	-164.060000	-29.000000	
5.580548	0.600000	13.000000	190.740000	-109.380000	-29.000000	
4.898469	0.600000	13.000000	174.170000	-100.910000	-29.000000	
4.952102	0.600000	13.000000	229.080000	-135.090000	-29.000000	
4.575263	0.600000	13.000000	223.230000	-142.250000	-29.000000	
5.338199	0.600000	13.000000	215.430000	-148.440000	-29.000000	
5.030736	0.600000	13.000000	251.820000	-126.950000	-32.000000	
5.992377	0.600000	13.000000	203.730000	-140.950000	-34.000000	
6.230018	0.600000	13.000000	193.990000	-126.300000	-34.000000	
5.746888	0.600000	13.000000	246.300000	-208.980000	-43.000000	
5.971531	0.600000	13.000000	195.610000	-197.270000	-49.000000	
5.881975	0.600000	13.000000	236.550000	-120.770000	-56.000000	
6.590720	0.600000	13.000000	214.780000	-128.580000	-56.000000	
4.510359	0.600000	13.000000	180.660000	-136.720000	-58.000000	
6.305686	0.600000	13.000000	200.160000	-189.780000	-64.000000	
4.978463	0.600000	13.000000	260.270000	-134.110000	-68.000000	
5.230620	0.600000	13.000000	265.150000	-130.210000	-68.000000	
6.252143	0.600000	13.000000	173.190000	-194.990000	-88.000000	
5.990611	0.600000	13.000000	178.390000	-187.170000	-88.000000	
5.935314	0.600000	13.000000	170.270000	-177.080000	-88.000000	
4.706080	0.600000	13.000000	185.540000	-158.200000	-88.000000	
5.675197	0.600000	13.000000	187.810000	-147.790000	-88.000000	
4.863987	0.600000	13.000000	222.580000	-161.460000	-85.000000	
5.267102	0.600000	13.000000	233.300000	-165.040000	-85.000000	
5.844341	0.600000	13.000000	246.300000	-160.480000	-85.000000	
4.474791	0.600000	13.000000	252.800000	-189.780000	-85.000000	
6.520366	0.600000	13.000000	269.700000	-197.590000	-65.000000	
5.785574	0.600000	13.000000	265.150000	-192.380000	-65.000000	
6.391025	0.600000	13.000000	244.680000	-202.470000	-65.000000	
5.609360	0.600000	13.000000	238.500000	-166.340000	-61.000000	
5.988341	0.600000	13.000000	232.330000	-175.130000	-61.000000	
5.265822	0.600000	13.000000	222.260000	-160.160000	-55.000000	
5.108728	0.600000	13.000000	254.100000	-128.910000	-46.000000	
5.850963	0.600000	13.000000	265.800000	-144.210000	-46.000000	
6.115655	0.600000	13.000000	193.010000	-181.970000	-34.000000	
5.623972	0.600000	13.000000	190.740000	-122.720000	-34.000000	
5.759309	0.600000	13.000000	234.930000	-112.300000	-38.000000	
6.030457	0.600000	13.000000	208.610000	-173.180000	-47.000000	
5.067533	0.600000	13.000000	213.160000	-170.250000	-47.000000	
4.410752	0.600000	13.000000	204.710000	-173.500000	-33.000000	
5.213066	0.600000	13.000000	205.360000	-165.040000	-33.000000	
4.995409	0.600000	13.000000	216.080000	-169.270000	-33.000000	
6.307505	0.600000	13.000000	175.790000	-122.720000	-49.000000	
5.939825	0.600000	13.000000	195.940000	-129.230000	-49.000000	
5.768617	0.600000	13.000000	179.360000	-135.420000	-49.000000	
5.234038	0.600000	13.000000	233.630000	-172.850000	-49.000000	
6.011143	0.600000	13.000000	197.890000	-139.650000	-42.000000	
6.004970	0.600000	13.000000	216.080000	-147.790000	-42.000000	
5.948126	0.600000	13.000000	245.000000	-200.520000	-42.000000	
5.910751	0.600000	13.000000	243.050000	-164.710000	-94.000000	
5.501989	0.600000	13.000000	242.080000	-153.970000	-94.000000	
4.548390	0.600000	13.000000	241.430000	-140.950000	-94.000000	
5.565361	0.600000	13.000000	208.280000	-208.010000	-97.000000	
4.959540	0.600000	13.000000	194.640000	-139.650000	-68.000000	
5.098882	0.600000	13.000000	228.100000	-182.620000	-24.000000	
5.907531	0.600000	13.000000	217.060000	-182.290000	-35.000000	
4.717048	0.600000	13.000000	227.780000	-175.130000	-35.000000	
6.158186	0.600000	13.000000	219.980000	-153.970000	-52.000000	
5.236216	0.600000	13.000000	238.500000	-202.150000	-38.000000	
4.625689	0.600000	13.000000	271.320000	-159.510000	-38.000000	
4.753909	0.600000	13.000000	276.520000	-152.340000	-38.000000	
5.230495	0.600000	13.000000	262.550000	-158.530000	-38.000000	
5.344845	0.600000	13.000000	208.610000	-125.980000	-34.000000	
6.102961	0.600000	13.000000	195.940000	-188.480000	-73.000000	
5.805323	0.600000	13.000000	268.400000	-141.280000	-65.000000	
4.907803	0.600000	13.000000	247.600000	-209.960000	-65.000000	
6.148188	0.600000	13.000000	222.580000	-128.260000	-52.000000	
5.587610	0.600000	13.000000	202.430000	-169.600000	-42.000000	
5.077030	0.600000	13.000000	194.960000	-190.430000	-56.000000	
5.662945	0.600000	13.000000	229.400000	-139.000000	-71.000000	
6.118817	0.600000	13.000000	135.820000	-92.120000	-86.000000	
5.666725	0.600000	13.000000	190.740000	-162.430000	-26.000000	
4.590365	0.600000	13.000000	207.310000	-157.550000	-28.000000	
6.402043	0.600000	13.000000	219.010000	-187.170000	-15.000000	
6.216966	0.600000	13.000000	226.800000	-190.100000	-33.000000	
6.770289	0.600000	13.000000	229.730000	-195.640000	-33.000000	
5.651789	0.600000	13.000000	226.800000	-192.380000	-33.000000	
6.645447	0.600000	13.000000	225.180000	-156.580000	-53.000000	
6.585216	0.600000	13.000000	259.620000	-135.090000	-42.000000	
5.518487	0.600000	13.000000	211.400000	-156.350000	-1.000000	
4.939249	0.600000	13.000000	237.390000	-196.390000	-13.000000	
5.976010	0.600000	13.000000	203.920000	-135.510000	-27.000000	
5.933689	0.600000	13.000000	222.770000	-157.650000	-2.000000	
5.494252	0.600000	13.000000	206.850000	-162.210000	-95.000000	
